ndimage_cellID,x0,x1,y0,y1,length,height,total_area,nuclei_area,cyto_area,c2t_area_ratio,nuclei_volume,cyto_volume,total_volume,number_nuclei,orig_comX,orig_comY,ndimage_comX,ndimage_comY,orig_cellID
169,7546,8030,2873,3274,484,401,109932,3144,106788,0.9714005021285884,50304,4456908,4507212,1,7789.81,3044.15,7789.38,3043.66,169
188,7823,8444,2945,3685,621,740,236885,0,236885,1.0,0,9712285,9712285,0,8140.63,3270.25,8140.11,3270.17,188
199,7234,7567,2994,3402,333,408,102388,0,102388,1.0,0,4197908,4197908,0,7409.51,3189.6,7409.04,3189.21,199
209,8633,8941,3024,3292,308,268,42671,0,42671,1.0,0,1749511,1749511,0,8798.83,3143.15,8798.15,3142.66,209
224,6094,6532,3110,3429,438,319,79031,0,79031,1.0,0,3240271,3240271,0,6297.68,3275.99,6297.28,3275.46,225
227,5826,6141,3123,3504,315,381,74991,0,74991,1.0,0,3074631,3074631,0,5987.6,3290.28,5987.13,3290.01,228
233,8463,8898,3142,3490,435,348,89384,1005,88379,0.98875637698022,21105,3643639,3664744,1,8697.72,3315.05,8697.11,3314.48,234
235,8871,9334,3152,3701,463,549,142872,6174,136698,0.9567864942046028,154350,5703402,5857752,1,9124.86,3405.09,9124.13,3404.81,236
236,7558,8023,3155,3652,465,497,131025,6763,124262,0.9483838962030148,87919,5284106,5372025,1,7778.17,3415.52,7777.69,3414.96,237
243,8376,8596,3205,3527,220,322,37872,0,37872,1.0,0,1552752,1552752,0,8473.29,3379.18,8472.9,3378.49,244
256,5396,5848,3264,3707,452,443,111129,0,111129,1.0,0,4556289,4556289,0,5623.2,3491.47,5622.65,3490.89,256
261,5145,5561,3280,3726,416,446,92740,0,92740,1.0,0,3802340,3802340,0,5353.36,3516.46,5353.01,3515.73,261
271,9607,9942,3327,3723,335,396,95272,0,95272,1.0,0,3906152,3906152,0,9777.48,3520.06,9776.91,3519.55,271
272,6005,6504,3329,3709,499,380,106784,0,106784,1.0,0,4378144,4378144,0,6262.35,3522.75,6261.7,3522.21,273
274,7002,7340,3331,4028,338,697,142927,0,142927,1.0,0,5860007,5860007,0,7178.59,3669.85,7178.07,3669.57,274
276,9174,9490,3341,3931,316,590,120463,6474,113989,0.9462573570307896,164826,4774157,4938983,1,9343.31,3642.94,9342.85,3642.34,277
282,7271,7746,3371,3880,475,509,134144,0,134144,1.0,0,5499904,5499904,0,7470.9,3623.71,7470.75,3623.55,283
290,9335,9758,3413,4082,423,669,149003,829,148174,0.9944363536304638,33989,6075134,6109123,1,9553.94,3772.0,9553.24,3771.78,290
291,8788,9036,3418,3779,248,361,58158,0,58158,1.0,0,2384478,2384478,0,8910.37,3605.68,8909.87,3605.15,291
293,8510,8816,3422,3653,306,231,50851,2591,48260,0.9490472163772592,51820,2033071,2084891,1,8670.98,3543.0,8670.37,3542.41,293
294,8192,8511,3426,3668,319,242,42104,1074,41030,0.9744917347520424,44034,1682230,1726264,1,8341.29,3537.62,8340.96,3537.1,294
301,10064,10339,3471,3936,275,465,71585,3190,68395,0.9554375916742336,66990,2867995,2934985,1,10204.26,3695.63,10203.78,3695.24,302
302,4958,5328,3482,3819,370,337,70471,0,70471,1.0,0,2889311,2889311,0,5148.05,3656.26,5147.49,3655.69,303
303,7884,8127,3483,3764,243,281,35943,1033,34910,0.9712600506357288,42353,1431310,1473663,1,8018.91,3647.33,8018.27,3646.58,304
304,10282,10515,3488,3902,233,414,68198,0,68198,1.0,0,2796118,2796118,0,10402.61,3689.51,10402.08,3689.1,305
305,10479,10745,3489,3878,266,389,84913,5860,79053,0.9309881879099784,146500,3334933,3481433,1,10611.01,3700.06,10610.51,3699.48,306
306,5824,6282,3503,4007,458,504,124284,6353,117931,0.9488832029867078,82589,5013055,5095644,1,6073.74,3736.42,6073.2,3736.02,307
308,10904,11129,3518,3745,225,227,30692,0,30692,1.0,0,1258372,1258372,0,11021.45,3625.71,11020.91,3625.28,309
314,10717,11135,3559,3969,418,410,100994,2590,98404,0.9743549121730004,51800,4088954,4140754,1,10894.59,3769.75,10894.52,3769.41,315
320,6252,6639,3590,4314,387,724,193645,6429,187216,0.966800072297245,115722,7823723,7939445,1,6454.41,3926.44,6453.9,3926.17,321
324,4901,5133,3619,3983,232,364,56275,0,56275,1.0,0,2307275,2307275,0,5011.89,3826.29,5011.27,3825.43,325
325,5427,5746,3624,3924,319,300,55912,4389,51523,0.9215016454428387,61446,2230946,2292392,1,5591.12,3767.99,5590.54,3767.49,326
326,5712,6130,3629,4152,418,523,129771,9375,120396,0.9277573571907436,46875,5273736,5320611,1,5906.19,3915.98,5905.61,3915.37,327
331,8537,8917,3643,3981,380,338,70039,3801,66238,0.9457302360113652,38010,2833589,2871599,1,8744.0,3784.37,8743.61,3784.29,331
333,9638,9968,3645,4079,330,434,83290,936,82354,0.9887621563212872,27144,3387746,3414890,1,9814.34,3872.37,9813.78,3871.92,334
336,8259,8519,3668,3927,260,259,39516,1374,38142,0.9652292742180384,56334,1563822,1620156,1,8384.64,3801.45,8384.25,3800.86,337
340,11047,11260,3679,3888,213,209,28666,0,28666,1.0,0,1175306,1175306,0,11148.87,3788.93,11148.43,3788.38,340
341,8016,8399,3683,4252,383,569,132621,1400,131221,0.989443602446068,36460,5401001,5437461,1,8193.01,3972.99,8192.59,3972.66,341
344,5109,5653,3701,4124,544,423,122642,5011,117631,0.9591412403581157,62742,4965580,5028322,1,5390.47,3926.57,5389.55,3926.18,345
356,6883,7206,3758,4133,323,375,65224,0,65224,1.0,0,2674184,2674184,0,7028.1,3950.5,7027.73,3950.03,357
364,7396,7767,3803,4458,371,655,148744,0,148744,1.0,0,6098504,6098504,0,7591.09,4112.13,7590.32,4111.63,365
366,6607,7131,3814,4527,524,713,215410,5423,209987,0.9748247527969918,130152,8701658,8831810,1,6864.81,4170.33,6864.35,4169.82,367
367,9935,10225,3824,4185,290,361,60665,1138,59527,0.9812412428912882,46658,2440607,2487265,1,10081.16,4004.51,10080.38,4004.12,368
369,4571,4969,3831,4222,398,391,104164,2754,101410,0.9735609231596328,58694,4212030,4270724,1,4788.98,4013.55,4788.52,4013.11,370
372,10223,10583,3858,4369,360,511,96397,0,96397,1.0,0,3952277,3952277,0,10421.89,4110.49,10421.16,4110.03,373
373,10485,10730,3861,4176,245,315,52870,3839,49031,0.9273879326650274,49907,2117763,2167670,1,10616.21,4006.75,10615.6,4006.11,374
375,8639,8928,3865,4166,289,301,53781,1981,51800,0.9631654301705064,53487,2151534,2205021,0,8778.44,4013.88,8777.78,4013.08,376
377,10693,11130,3866,4182,437,316,82134,740,81394,0.9909903328706748,30340,3337154,3367494,1,10881.53,4025.33,10881.49,4024.71,378
383,10939,11330,3887,4504,391,617,137652,5620,132032,0.9591724057768868,78680,5565052,5643732,1,11168.96,4217.38,11168.12,4216.8,384
385,9083,9490,3895,4490,407,595,127261,0,127261,1.0,0,5217701,5217701,0,9302.02,4204.28,9301.48,4203.65,388
386,11470,11627,3895,4195,157,300,29061,0,29061,1.0,0,1191501,1191501,0,11545.08,4033.1,11544.65,4032.79,385
387,7205,7505,3896,4364,300,468,92792,0,92792,1.0,0,3804472,3804472,0,7357.34,4135.5,7356.89,4135.0,387
393,11264,11588,3933,4366,324,433,86794,0,86794,1.0,0,3558554,3558554,0,11404.74,4158.3,11404.41,4157.68,394
395,11758,12172,3948,4477,414,529,118193,4770,113423,0.9596422799996616,85860,4760053,4845913,1,11960.3,4179.54,11959.51,4179.48,396
397,12133,12489,3957,4335,356,378,71634,0,71634,1.0,0,2936994,2936994,0,12289.82,4154.82,12289.52,4154.31,398
398,4931,5240,3970,4215,309,245,54390,0,54390,1.0,0,2229990,2229990,0,5075.98,4091.76,5075.45,4091.4,399
401,7729,8025,3989,4481,296,492,102150,0,102150,1.0,0,4188150,4188150,0,7875.14,4242.53,7874.58,4242.01,402
405,5588,5925,3999,4438,337,439,84244,1386,82858,0.9835477897535728,24948,3429056,3454004,1,5769.24,4209.72,5768.68,4209.2,406
406,8824,9196,4000,4469,372,469,111526,3178,108348,0.9715044025608378,69916,4502650,4572566,1,9008.34,4246.58,9007.79,4245.94,408
407,4365,4711,4001,4334,346,333,69239,0,69239,1.0,0,2838799,2838799,0,4538.38,4147.75,4537.69,4147.24,407
422,9659,9974,4072,4378,315,306,62018,0,62018,1.0,0,2542738,2542738,0,9803.16,4220.28,9802.79,4219.67,423
424,12676,12998,4085,4611,322,526,94274,120,94154,0.9987271145809024,4920,3860314,3865234,0,12838.83,4352.25,12838.3,4350.85,425
426,5841,6346,4096,4538,505,442,140544,7446,133098,0.947020150273224,96798,5665506,5762304,1,6077.11,4317.17,6076.61,4316.68,427
427,10791,11054,4097,4356,263,259,49331,0,49331,1.0,0,2022571,2022571,0,10917.86,4226.27,10917.27,4225.91,428
428,4100,4695,4106,4658,595,552,196334,6712,189622,0.9658133588680514,195512,7854182,8049694,1,4375.13,4397.9,4374.75,4397.42,429
433,10446,10805,4129,4614,359,485,115206,2937,112269,0.9745065361179104,67551,4655895,4723446,1,10626.97,4370.95,10626.52,4370.37,434
434,9853,10296,4137,4541,443,404,106166,1640,104526,0.9845524932652638,62320,4290486,4352806,1,10078.13,4330.27,10077.59,4329.86,435
437,8494,9014,4150,4631,520,481,133531,1968,131563,0.9852618493084004,78720,5396051,5474771,1,8751.63,4430.65,8751.22,4430.18,438
439,4547,5091,4160,4655,544,495,158153,5727,152426,0.9637882303845012,137448,6346825,6484273,1,4812.1,4414.8,4811.7,4414.29,440
442,11241,11708,4174,4775,467,601,145594,6632,138962,0.9544486723353984,53056,5916298,5969354,1,11481.12,4480.56,11480.75,4479.9,443
447,7097,7611,4207,4855,514,648,209471,4571,204900,0.9781783635920964,68565,8519746,8588311,1,7345.47,4544.21,7344.93,4543.64,448
453,3748,4177,4256,4589,429,333,85946,0,85946,1.0,0,3523786,3523786,0,3966.14,4436.77,3965.66,4436.23,454
455,6299,6859,4266,4602,560,336,108667,1214,107453,0.9888282551280516,49774,4405573,4455347,1,6556.49,4430.96,6556.35,4430.36,456
461,10256,10462,4299,4603,206,304,40725,0,40725,1.0,0,1669725,1669725,0,10364.98,4431.2,10364.48,4431.01,462
464,9564,9887,4313,4760,323,447,104997,7787,97210,0.9258359762659886,179101,4125776,4304877,1,9729.16,4547.32,9728.61,4546.78,465
465,9071,9322,4318,4595,251,277,39909,0,39909,1.0,0,1636269,1636269,0,9196.02,4471.94,9195.44,4471.28,466
466,12179,12418,4328,4717,239,389,54043,1198,52845,0.9778324667394482,29840,2185923,2215763,1,12291.99,4522.66,12291.53,4522.15,467
467,10759,10995,4330,4613,236,283,46750,0,46750,1.0,0,1916750,1916750,0,10875.24,4461.85,10874.76,4461.44,468
468,7529,8057,4334,5001,528,667,196660,7170,189490,0.9635411369876944,78870,7984190,8063060,1,7815.99,4670.39,7815.25,4669.82,469
469,13214,13544,4352,4703,330,351,70857,1335,69522,0.9811592362081376,28035,2877102,2905137,1,13389.58,4518.59,13389.06,4518.19,470
471,12929,13327,4369,4748,398,379,81285,0,81285,1.0,0,3332685,3332685,0,13083.98,4551.77,13083.98,4551.44,472
474,11616,11798,4390,4608,182,218,24961,0,24961,1.0,0,1023401,1023401,0,11704.43,4493.17,11703.86,4492.82,475
475,10094,10378,4393,4869,284,476,92291,6890,85401,0.9253448331906686,75790,3708141,3783931,1,10231.47,4643.92,10230.98,4643.26,476
476,10970,11259,4396,4635,289,239,35870,813,35057,0.9773348201839978,33333,1437337,1470670,1,11112.88,4521.21,11112.32,4520.69,477
480,6007,6382,4429,4867,375,438,103008,6657,96351,0.9353739515377446,66570,4156758,4223328,1,6192.62,4620.18,6192.16,4619.8,481
482,5561,6159,4431,5006,598,575,201722,8604,193118,0.9573472402613498,94644,8175958,8270602,1,5867.48,4711.37,5867.0,4710.92,483
484,6735,7041,4440,4934,306,494,96636,0,96636,1.0,0,3962076,3962076,0,6894.14,4670.62,6893.77,4670.33,485
485,8934,9114,4462,4683,180,221,26199,0,26199,1.0,0,1074159,1074159,0,9024.12,4574.21,9023.61,4573.72,486
486,10577,10883,4463,4768,306,305,46428,1325,45103,0.9714611872146118,51675,1851873,1903548,1,10746.94,4632.47,10746.23,4631.78,487
490,3578,4037,4483,4881,459,398,127165,7037,120128,0.9446624464278692,209288,5004477,5213765,1,3799.17,4704.91,3798.65,4704.33,491
492,11688,12067,4485,4827,379,342,72364,1112,71252,0.98463324304903,45592,2921332,2966924,1,11850.78,4666.1,11850.5,4665.46,493
493,6394,6780,4486,4866,386,380,84334,0,84334,1.0,0,3457694,3457694,0,6616.72,4694.43,6616.0,4693.7,494
494,3992,4392,4497,4805,400,308,87280,0,87280,1.0,0,3578480,3578480,0,4195.89,4668.73,4195.33,4668.09,495
495,13492,13815,4508,4840,323,332,74893,0,74893,1.0,0,3070613,3070613,0,13647.96,4681.67,13647.49,4681.26,496
496,7960,8204,4512,4855,244,343,39742,0,39742,1.0,0,1629422,1629422,0,8083.86,4701.27,8083.3,4700.52,498
497,9874,10117,4512,4817,243,305,53912,0,53912,1.0,0,2210392,2210392,0,10004.41,4671.18,10003.85,4670.62,497
498,8302,8755,4516,5031,453,515,121338,5284,116054,0.956452224364997,84544,4890314,4974858,1,8524.44,4775.08,8524.01,4774.64,499
500,10837,11142,4528,5071,305,543,116029,3308,112721,0.9714898861491524,66160,4691029,4757189,1,10989.12,4792.97,10988.67,4792.48,501
501,12591,12939,4531,4899,348,368,80898,358,80540,0.9955746742811936,14678,3302140,3316818,0,12740.04,4711.2,12739.66,4710.52,502
502,5094,5674,4539,4938,580,399,146480,4264,142216,0.9708902239213544,55432,5950248,6005680,1,5398.78,4735.38,5398.16,4734.84,503
503,10321,10653,4547,5041,332,494,118225,7308,110917,0.938185662930852,164139,4683086,4847225,1,10479.85,4797.47,10479.39,4796.93,504
504,9029,9353,4551,4885,324,334,76091,0,76091,1.0,0,3119731,3119731,0,9196.62,4713.59,9196.0,4713.19,507
507,11374,11700,4554,5234,326,680,106155,0,106155,1.0,0,4352355,4352355,0,11533.26,4920.01,11532.78,4918.86,508
508,12335,12641,4560,4885,306,325,71242,0,71242,1.0,0,2920922,2920922,0,12495.4,4710.44,12494.85,4710.01,509
509,4917,5176,4562,4832,259,270,38068,0,38068,1.0,0,1560788,1560788,0,5052.63,4698.49,5052.15,4697.99,510
510,13110,13328,4568,4830,218,262,30123,0,30123,1.0,0,1235043,1235043,0,13224.79,4699.36,13224.21,4698.88,511
511,11103,11403,4573,4934,300,361,68232,2305,65927,0.9662181967405324,53015,2744497,2797512,1,11235.44,4762.56,11234.99,4761.87,512
512,8589,9039,4575,4977,450,402,121578,0,121578,1.0,0,4984698,4984698,0,8837.18,4766.32,8836.55,4765.76,513
513,9439,9731,4575,5070,292,495,66954,0,66954,1.0,0,2745114,2745114,0,9567.02,4833.65,9566.77,4833.13,514
516,4443,4912,4600,5025,469,425,127625,6975,120650,0.9453476983349656,181350,5051275,5232625,1,4695.3,4805.92,4694.69,4805.46,517
522,4801,5231,4624,5116,430,492,67100,439,66661,0.9934575260804768,17999,2733101,2751100,1,5036.52,4880.28,5035.57,4879.25,523
535,9719,10053,4687,4998,334,311,60927,1572,59355,0.9741986311487518,64452,2433555,2498007,1,9876.99,4850.92,9876.64,4850.37,536
537,11899,12137,4699,5010,238,311,46251,119,46132,0.9974270826576722,4879,1891412,1896291,0,11998.44,4858.61,11998.15,4858.07,538
540,10578,10892,4718,5144,314,426,95337,0,95337,1.0,0,3908817,3908817,0,10743.0,4934.62,10742.44,4934.15,541
541,6197,6612,4732,5133,415,401,88145,0,88145,1.0,0,3613945,3613945,0,6415.89,4911.92,6415.44,4911.53,542
542,12983,13255,4735,5110,272,375,72886,0,72886,1.0,0,2988326,2988326,0,13112.36,4928.1,13111.91,4927.5,543
544,12798,13028,4742,5183,230,441,63596,0,63596,1.0,0,2607436,2607436,0,12909.97,4959.38,12909.43,4959.09,545
545,11590,11862,4747,5182,272,435,81469,0,81469,1.0,0,3340229,3340229,0,11703.03,4979.5,11702.66,4978.98,546
546,3891,4187,4760,5113,296,353,73433,0,73433,1.0,0,3010753,3010753,0,4035.79,4940.89,4035.37,4940.38,547
547,5096,5378,4762,5107,282,345,42799,0,42799,1.0,0,1754759,1754759,0,5254.36,4932.66,5253.7,4932.12,548
548,10024,10195,4763,4977,171,214,16690,0,16690,1.0,0,684290,684290,0,10107.09,4863.83,10106.49,4863.83,549
549,9181,9476,4770,5109,295,339,68180,0,68180,1.0,0,2795380,2795380,0,9341.23,4935.56,9340.7,4935.07,550
550,11222,11482,4770,5082,260,312,46919,4219,42700,0.9100790724439992,54847,1868832,1923679,1,11350.42,4933.23,11350.03,4932.58,551
552,9592,9782,4785,5038,190,253,25629,0,25629,1.0,0,1050789,1050789,0,9689.58,4928.96,9689.15,4928.09,553
553,11777,11938,4788,5077,161,289,26332,0,26332,1.0,0,1079612,1079612,0,11859.14,4929.84,11858.62,4929.15,554
556,7378,7770,4790,5429,392,639,183275,6969,176306,0.9619751739189742,55752,7458523,7514275,1,7579.61,5093.92,7579.06,5093.48,557
558,6586,6966,4793,5052,380,259,64753,0,64753,1.0,0,2654873,2654873,0,6793.68,4926.94,6793.0,4926.34,559
560,4151,4694,4797,5226,543,429,149378,7121,142257,0.9523289908821916,99694,6024804,6124498,1,4405.3,4995.79,4404.94,4995.36,561
561,8010,8298,4806,5263,288,457,95817,0,95817,1.0,0,3928497,3928497,0,8161.45,5035.63,8160.92,5035.03,562
566,13697,13850,4824,4982,153,158,15687,0,15687,1.0,0,643167,643167,0,13767.4,4898.01,13767.01,4897.65,567
569,8278,8625,4854,5349,347,495,117524,0,117524,1.0,0,4818484,4818484,0,8424.8,5095.87,8424.39,5095.39,570
571,12310,12675,4858,5243,365,385,85985,0,85985,1.0,0,3525385,3525385,0,12522.66,5038.73,12521.95,5038.2,572
572,10105,10281,4861,5060,176,199,17132,0,17132,1.0,0,702412,702412,0,10185.26,4960.06,10184.97,4959.64,573
574,12600,12847,4869,5166,247,297,51006,0,51006,1.0,0,2091246,2091246,0,12743.22,5015.92,12742.41,5015.11,574
577,8982,9374,4888,5520,392,632,147878,2505,145373,0.9830603605674948,98069,5964929,6062998,1,9162.32,5221.43,9161.94,5220.75,578
578,14000,14242,4889,5093,242,204,32102,0,32102,1.0,0,1316182,1316182,0,14114.73,4992.81,14114.33,4992.35,579
579,5339,5652,4891,5272,313,381,72329,846,71483,0.9883034467502662,34686,2930803,2965489,1,5508.02,5060.49,5507.49,5060.11,580
580,6950,7199,4892,5136,249,244,38676,0,38676,1.0,0,1585716,1585716,0,7055.32,5013.0,7055.03,5012.43,581
581,3286,3779,4895,5369,493,474,130105,0,130105,1.0,0,5334305,5334305,0,3567.03,5125.54,3566.32,5124.99,582
582,12003,12357,4898,5282,354,384,103560,4624,98936,0.9553495558130553,73984,4171976,4245960,1,12185.1,5083.67,12184.6,5083.2,583
583,5567,5994,4899,5309,427,410,108795,0,108795,1.0,0,4460595,4460595,0,5774.17,5103.78,5773.42,5103.24,584
586,13797,14037,4911,5185,240,274,41842,1244,40598,0.9702691075952392,32344,1683178,1715522,1,13920.18,5037.62,13919.74,5037.2,587
589,9890,10195,4919,5431,305,512,101470,0,101470,1.0,0,4160270,4160270,0,10057.6,5165.36,10057.07,5164.92,590
590,7755,8035,4934,5237,280,303,60949,0,60949,1.0,0,2498909,2498909,0,7891.68,5092.38,7891.45,5091.66,591
592,8680,9012,4949,5335,332,386,92819,0,92819,1.0,0,3805579,3805579,0,8843.35,5126.87,8842.86,5126.35,593
594,7121,7407,4953,5229,286,276,60264,0,60264,1.0,0,2470824,2470824,0,7272.64,5090.55,7272.11,5090.09,595
595,13624,13903,4953,5441,279,488,78832,626,78206,0.992059062309722,25666,3206446,3232112,1,13744.46,5193.81,13744.0,5193.42,596
598,9370,9633,4991,5338,263,347,68994,3749,65245,0.9456619416181116,74980,2753774,2828754,1,9503.85,5171.1,9503.32,5170.52,599
599,5938,6212,4992,5258,274,266,37194,0,37194,1.0,0,1524954,1524954,0,6078.74,5109.87,6078.36,5109.6,600
602,10461,10734,5002,5296,273,294,37490,0,37490,1.0,0,1537090,1537090,0,10609.75,5130.01,10609.16,5129.68,603
606,9618,9934,5009,5439,316,430,96068,6825,89243,0.9289565724278636,156975,3781813,3938788,1,9762.27,5214.37,9761.77,5213.9,607
608,4631,4768,5017,5155,137,138,13549,0,13549,1.0,0,555509,555509,0,4703.72,5092.86,4703.1,5092.36,609
611,6612,7009,5027,5434,397,407,96082,4128,91954,0.9570366978206116,45408,3893954,3939362,1,6792.22,5202.63,6791.73,5202.41,612
612,10164,10627,5027,5495,463,468,138712,2268,136444,0.9836495761001212,52164,5635028,5687192,1,10391.07,5258.14,10390.62,5257.7,613
613,13339,13661,5032,5421,322,389,81746,0,81746,1.0,0,3351586,3351586,0,13523.68,5243.6,13523.05,5243.06,614
615,4001,4438,5040,5451,437,411,127828,8089,119739,0.9367196545357824,60198,5180750,5240948,1,4210.43,5250.63,4209.98,5250.11,616
618,11166,11448,5050,5386,282,336,61519,3824,57695,0.93784034200816,91776,2430503,2522279,1,11291.22,5211.73,11290.79,5211.22,620
619,13950,14380,5050,5406,430,356,98384,5041,93343,0.9487619938201334,80656,3953088,4033744,1,14170.52,5236.68,14169.92,5236.1,619
625,10939,11204,5069,5489,265,420,71046,0,71046,1.0,0,2912886,2912886,0,11068.73,5255.44,11068.27,5255.24,626
626,3140,3495,5074,5503,355,429,92286,1785,90501,0.9806579546193356,30561,3753165,3783726,1,3322.82,5303.73,3322.35,5302.98,627
627,11516,11981,5086,5514,465,428,114137,0,114137,1.0,0,4679617,4679617,0,11767.82,5310.79,11767.17,5310.04,628
629,6740,7401,5097,5694,661,597,195779,6193,189586,0.968367393847144,142439,7884500,8026939,1,7096.29,5426.24,7095.57,5425.59,630
632,6174,6682,5124,5528,508,404,145434,4659,140775,0.9679648500350676,69885,5892909,5962794,1,6436.83,5323.11,6436.3,5322.62,633
639,4435,4772,5151,5456,337,305,54970,0,54970,1.0,0,2253770,2253770,0,4586.24,5310.62,4586.11,5310.07,639
642,5734,6239,5162,5604,505,442,133571,0,133571,1.0,0,5476411,5476411,0,6000.24,5372.67,5999.76,5372.16,643
649,7917,8294,5200,5666,377,466,103597,25,103572,0.9997586802706642,1025,4246452,4247477,0,8109.77,5432.34,8109.07,5431.66,655
652,12325,12665,5201,5445,340,244,42530,709,41821,0.9833294145309194,29069,1714661,1743730,1,12479.88,5325.64,12479.71,5325.41,652
653,7203,7607,5207,5597,404,390,90184,0,90184,1.0,0,3697544,3697544,0,7392.85,5389.07,7392.49,5388.69,653
654,10738,11053,5208,5499,315,291,43341,0,43341,1.0,0,1776981,1776981,0,10904.34,5372.58,10903.45,5371.52,654
655,13096,13349,5212,5477,253,265,40492,0,40492,1.0,0,1660172,1660172,0,13211.1,5363.18,13210.69,5362.47,658
661,8833,9067,5228,5532,234,304,38448,0,38448,1.0,0,1576368,1576368,0,8964.31,5380.86,8963.7,5380.33,662
662,11269,11630,5231,5619,361,388,98378,7933,90445,0.9193620524914108,174526,3858972,4033498,1,11459.29,5431.9,11458.59,5431.55,664
665,4770,5279,5237,5640,509,403,109037,0,109037,1.0,0,4470517,4470517,0,5024.65,5448.01,5024.17,5447.49,666
666,11977,12328,5251,5549,351,298,81647,0,81647,1.0,0,3347527,3347527,0,12151.79,5401.79,12151.27,5401.26,667
669,12646,12991,5268,5821,345,553,119566,0,119566,1.0,0,4902206,4902206,0,12822.67,5546.22,12822.29,5545.59,671
670,2896,3252,5269,5643,356,374,81870,30,81840,0.9996335654085746,1230,3355440,3356670,0,3093.39,5461.42,3092.6,5460.98,670
671,9735,10105,5272,5741,370,469,101370,5017,96353,0.9505080398540002,45153,4111017,4156170,1,9918.36,5492.37,9917.82,5491.99,672
675,9438,9747,5297,5548,309,251,39871,0,39871,1.0,0,1634711,1634711,0,9597.73,5419.75,9597.2,5419.22,676
677,5125,5674,5299,5862,549,563,169003,2779,166224,0.983556504914114,101851,6827272,6929123,1,5441.44,5575.09,5440.54,5574.32,677
680,10967,11315,5341,5785,348,444,86386,2371,84015,0.9725534230083578,92469,3449357,3541826,1,11139.06,5555.72,11138.5,5555.33,680
681,4255,4713,5346,5785,458,439,135647,6018,129629,0.9556348463290748,66198,5495329,5561527,1,4486.27,5574.57,4485.75,5574.02,682
683,3812,4149,5350,5671,337,321,76503,581,75922,0.992405526580657,18011,3118612,3136623,1,3986.49,5507.94,3985.93,5507.58,683
687,13262,13533,5355,5624,271,269,42049,0,42049,1.0,0,1724009,1724009,0,13410.9,5489.5,13410.15,5488.98,688
689,13439,13821,5371,5716,382,345,56669,0,56669,1.0,0,2323429,2323429,0,13617.54,5531.43,13617.17,5531.22,690
691,9209,9697,5377,5889,488,512,145967,1854,144113,0.987298498975796,51912,5932735,5984647,1,9467.28,5614.79,9466.82,5614.41,692
693,14090,14397,5380,5655,307,275,57112,792,56320,0.9861325115562404,32472,2309120,2341592,1,14240.56,5497.92,14240.06,5497.59,693
694,7633,8063,5383,5730,430,347,56259,1062,55197,0.9811230203167494,43542,2263077,2306619,0,7841.97,5553.3,7841.56,5552.97,695
696,10058,10363,5398,5675,305,277,57639,0,57639,1.0,0,2363199,2363199,0,10203.83,5533.43,10203.3,5533.02,697
697,8261,8743,5399,5862,482,463,114982,0,114982,1.0,0,4714262,4714262,0,8503.61,5629.7,8503.05,5629.12,698
701,6582,6832,5410,5774,250,364,54823,0,54823,1.0,0,2247743,2247743,0,6698.64,5578.36,6698.16,5578.11,701
702,3410,3754,5411,5716,344,305,59819,0,59819,1.0,0,2452579,2452579,0,3579.27,5559.59,3578.86,5559.21,702
703,6284,6675,5412,5851,391,439,93180,485,92695,0.9947950203906416,19885,3800495,3820380,0,6468.42,5666.48,6468.64,5665.34,705
704,12933,13186,5412,5632,253,220,39093,0,39093,1.0,0,1602813,1602813,0,13044.58,5520.15,13044.23,5519.61,704
705,10462,10822,5424,5827,360,403,104812,0,104812,1.0,0,4297292,4297292,0,10634.12,5622.34,10633.8,5621.78,706
706,7467,7740,5427,5742,273,315,46836,0,46836,1.0,0,1920276,1920276,0,7622.39,5595.93,7621.77,5595.35,707
708,11596,12071,5433,5899,475,466,130364,0,130364,1.0,0,5344924,5344924,0,11842.62,5669.78,11842.13,5669.24,708
711,11522,11769,5457,5712,247,255,32626,0,32626,1.0,0,1337666,1337666,0,11641.28,5576.72,11640.77,5576.32,712
713,10778,11039,5464,5727,261,263,45222,0,45222,1.0,0,1854102,1854102,0,10886.8,5581.51,10886.57,5580.91,714
715,3174,3622,5491,5961,448,470,122749,2338,120411,0.9809530016537812,18704,5014005,5032709,1,3396.96,5712.61,3396.37,5712.19,716
716,4709,4995,5492,5790,286,298,53549,0,53549,1.0,0,2195509,2195509,0,4849.37,5640.35,4848.93,5639.82,717
717,11983,12365,5495,5879,382,384,73815,0,73815,1.0,0,3026415,3026415,0,12180.19,5692.93,12179.69,5692.31,718
718,5999,6310,5500,5861,311,361,67463,0,67463,1.0,0,2765983,2765983,0,6147.65,5676.1,6147.2,5675.66,719
720,13654,14050,5508,5914,396,406,104566,1297,103269,0.987596350630224,32425,4254781,4287206,1,13852.36,5688.94,13851.89,5688.56,721
721,14022,14254,5517,5828,232,311,37697,398,37299,0.9894421306735284,16318,1529259,1545577,0,14128.59,5679.31,14128.09,5678.71,722
722,10115,10484,5518,5936,369,418,92391,1616,90775,0.982509118853568,32320,3755711,3788031,1,10317.74,5745.23,10317.21,5744.47,724
723,2773,3084,5521,5716,311,195,32235,0,32235,1.0,0,1321635,1321635,0,2937.42,5624.7,2936.72,5624.24,723
726,8110,8370,5535,5884,260,349,55208,0,55208,1.0,0,2263528,2263528,0,8249.11,5698.21,8248.6,5697.85,727
727,4077,4413,5539,5889,336,350,72988,639,72349,0.9912451361867703,18531,2973977,2992508,1,4233.51,5738.05,4233.12,5737.36,728
728,5765,6151,5542,6048,386,506,103272,0,103272,1.0,0,4234152,4234152,0,5964.32,5793.01,5963.72,5792.45,729
729,12429,12747,5542,5904,318,362,81574,0,81574,1.0,0,3344534,3344534,0,12592.01,5733.33,12591.5,5732.79,730
730,14225,14416,5544,5723,191,179,21514,0,21514,1.0,0,882074,882074,0,14336.05,5637.63,14335.39,5637.1,731
737,7316,7744,5593,5988,428,395,95206,0,95206,1.0,0,3903446,3903446,0,7520.64,5791.94,7520.18,5791.32,738
738,11081,11604,5593,5973,523,380,134995,5315,129680,0.960628171413756,95670,5439125,5534795,1,11354.17,5769.13,11353.61,5768.68,739
742,9875,10161,5605,5890,286,285,56547,3262,53285,0.942313473747502,55454,2262973,2318427,1,10025.41,5754.44,10024.85,5753.88,743
743,4928,5440,5609,6027,512,418,150588,5545,145043,0.96317767684012,81542,6092566,6174108,1,5187.17,5809.31,5186.64,5808.83,744
744,13263,13701,5611,5851,438,240,72201,0,72201,1.0,0,2960241,2960241,0,13471.42,5740.31,13471.02,5739.8,745
745,12918,13294,5617,5931,376,314,69190,3790,65400,0.9452232981644746,90960,2745830,2836790,1,13084.54,5769.03,13084.29,5768.64,746
747,6691,7089,5642,6114,398,472,109186,0,109186,1.0,0,4476626,4476626,0,6899.26,5880.49,6898.72,5879.95,748
748,3604,3880,5644,5964,276,320,58275,0,58275,1.0,0,2389275,2389275,0,3742.95,5819.14,3742.37,5818.4,749
750,8658,9040,5657,6056,382,399,106911,4053,102858,0.962089962679238,64923,4318428,4383351,1,8848.08,5836.42,8847.56,5836.07,751
751,2536,2961,5660,6098,425,438,129645,4757,124888,0.9633074935400516,63551,5251894,5315445,1,2756.48,5890.29,2755.99,5889.75,752
752,8002,8277,5661,5948,275,287,33095,0,33095,1.0,0,1356895,1356895,0,8126.52,5810.26,8126.15,5809.68,753
756,9155,9547,5681,6103,392,422,103097,3250,99847,0.9684762893197668,48750,4178227,4226977,1,9342.02,5866.7,9341.52,5866.35,757
757,14188,14377,5687,5832,189,145,16914,0,16914,1.0,0,693474,693474,0,14281.59,5767.74,14281.07,5767.14,758
758,7045,7485,5690,6292,440,602,177573,5222,172351,0.9705923760932124,89650,7190843,7280493,1,7244.03,5988.73,7243.63,5988.28,759
759,4556,5093,5693,6133,537,440,139503,0,139503,1.0,0,5719623,5719623,0,4804.69,5911.63,4804.48,5911.25,760
763,14301,14867,5719,6124,566,405,132097,36,132061,0.9997274729933306,1476,5414501,5415977,0,14561.2,5933.78,14561.15,5932.62,764
769,13934,14205,5742,5980,271,238,43946,0,43946,1.0,0,1801786,1801786,0,14063.55,5864.23,14063.09,5863.7,770
770,7625,8031,5744,6191,406,447,113601,0,113601,1.0,0,4657641,4657641,0,7833.09,5979.71,7832.53,5979.14,772
775,8433,8755,5761,6112,322,351,63251,0,63251,1.0,0,2593291,2593291,0,8579.57,5953.2,8579.09,5952.6,775
777,6512,6875,5763,6188,363,425,94480,0,94480,1.0,0,3873680,3873680,0,6671.91,5995.79,6671.53,5995.11,778
778,6148,6559,5765,6152,411,387,118334,7498,110836,0.9366369766930892,217442,4634252,4851694,1,6344.78,5962.26,6344.58,5961.76,779
779,11805,12116,5765,6131,311,366,72677,0,72677,1.0,0,2979757,2979757,0,11968.58,5942.77,11968.04,5942.32,780
782,11041,11289,5791,6106,248,315,42236,0,42236,1.0,0,1731676,1731676,0,11140.12,5953.8,11139.71,5953.19,783
783,11404,11822,5793,6215,418,422,94405,3732,90673,0.9604681955404905,74640,3795965,3870605,1,11632.74,5992.43,11632.1,5991.98,784
784,12753,13181,5799,6223,428,424,122440,0,122440,1.0,0,5020040,5020040,0,12958.35,6020.55,12957.93,6020.04,785
786,10684,11085,5807,6216,401,409,106150,0,106150,1.0,0,4352150,4352150,0,10912.85,6020.27,10912.11,6019.77,787
787,5365,5572,5813,6054,207,241,26818,2139,24679,0.9202401372212692,74865,1024673,1099538,1,5479.55,5936.68,5478.83,5936.2,788
788,13123,13421,5816,6179,298,363,65340,0,65340,1.0,0,2678940,2678940,0,13265.33,6010.97,13264.84,6010.37,789
793,9476,9870,5834,6228,394,394,105656,938,104718,0.9911221322026198,24388,4307508,4331896,1,9690.91,6040.35,9690.14,6039.53,794
795,5503,5774,5847,6195,271,348,51611,2201,49410,0.9573540524306834,85839,2030212,2116051,1,5644.54,6013.36,5644.1,6013.03,796
797,3333,3682,5855,6308,349,453,115458,5775,109683,0.9499818115678428,46200,4687578,4733778,1,3516.74,6080.41,3516.2,6079.91,798
798,3982,4393,5856,6303,411,447,100638,0,100638,1.0,0,4126158,4126158,0,4171.67,6034.72,4171.28,6034.51,799
799,12277,12583,5864,6206,306,342,60674,0,60674,1.0,0,2487634,2487634,0,12419.15,6018.46,12418.67,6018.06,800
800,3123,3373,5865,6134,250,269,45601,2799,42802,0.9386197671103704,75573,1794068,1869641,1,3258.96,6013.82,3258.41,6013.14,801
804,8075,8462,5884,6312,387,428,90188,0,90188,1.0,0,3697708,3697708,0,8284.76,6071.53,8284.16,6071.35,805
805,10211,10562,5888,6209,351,321,76996,4512,72484,0.941399553223544,90240,3066596,3156836,1,10380.08,6050.07,10379.63,6049.59,806
806,3750,4019,5899,6278,269,379,52133,1268,50865,0.975677593846508,43112,2094341,2137453,1,3891.14,6066.71,3890.56,6066.31,807
807,2837,3144,5905,6194,307,289,53674,0,53674,1.0,0,2200634,2200634,0,2998.77,6047.63,2998.16,6047.16,808
808,13705,14056,5909,6166,351,257,57143,0,57143,1.0,0,2342863,2342863,0,13883.65,6034.07,13883.01,6033.73,809
810,8972,9309,5933,6244,337,311,75300,4237,71063,0.9437317397078352,87854,2999446,3087300,1,9143.99,6088.94,9143.47,6088.48,811
811,4264,4779,5941,6299,515,358,114209,4315,109894,0.9622183890936792,130594,4551975,4682569,1,4494.44,6111.89,4494.15,6111.42,812
813,11082,11528,5953,6347,446,394,105462,4645,100817,0.9559556996832984,106835,4217107,4323942,1,11284.88,6143.81,11284.54,6143.3,814
814,3590,3842,5959,6361,252,402,60078,0,60078,1.0,0,2463198,2463198,0,3723.65,6168.3,3723.04,6167.9,815
815,9944,10298,5962,6517,354,555,128994,2102,126892,0.9837046684341908,85273,5203481,5288754,0,10128.99,6246.94,10128.27,6246.21,816
816,10484,10857,5965,6552,373,587,133304,33,133271,0.9997524455380185,1353,5464111,5465464,0,10662.88,6260.18,10662.32,6259.68,817
817,13980,14314,5969,6366,334,397,105302,5384,99918,0.948870866650206,96912,4220470,4317382,1,14153.97,6170.1,14153.47,6169.49,818
818,4946,5359,5971,6531,413,560,132529,3872,128657,0.9707837529899116,104544,5329145,5433689,1,5150.16,6252.82,5149.66,6252.28,819
819,7378,7721,5978,6304,343,326,82033,0,82033,1.0,0,3363353,3363353,0,7544.41,6128.77,7543.9,6128.38,820
820,11960,12332,5978,6336,372,358,93448,0,93448,1.0,0,3831368,3831368,0,12148.84,6162.93,12148.29,6162.5,821
824,5219,5692,5989,6372,473,383,116444,505,115939,0.995663151386074,17170,4757034,4774204,1,5445.44,6181.8,5444.97,6181.3,825
825,14737,14936,5989,6285,199,296,26017,62,25955,0.99761694276819,2542,1064155,1066697,0,14837.45,6129.8,14836.97,6129.56,826
826,11668,11983,5997,6366,315,369,67873,0,67873,1.0,0,2782793,2782793,0,11843.23,6194.04,11842.61,6193.45,827
827,14277,14421,5998,6191,144,193,19320,0,19320,1.0,0,792120,792120,0,14356.46,6097.74,14355.68,6096.83,829
828,12371,12797,5999,6351,426,352,98470,6639,91831,0.9325784502894282,172614,3864656,4037270,1,12594.18,6175.72,12593.56,6175.25,828
832,9294,9600,6017,6323,306,306,66272,0,66272,1.0,0,2717152,2717152,0,9448.25,6173.73,9447.76,6173.2,833
837,4571,5022,6053,6509,451,456,133931,2731,131200,0.9796089030918906,27310,5463861,5491171,1,4806.97,6299.24,4806.49,6298.58,838
838,13278,13608,6059,6330,330,271,49555,0,49555,1.0,0,2031755,2031755,0,13458.31,6199.5,13457.65,6198.94,839
842,2502,2984,6072,6388,482,316,109351,3756,105595,0.9656518916150744,108924,4374467,4483391,1,2756.93,6224.83,2756.33,6224.36,843
845,2967,3439,6077,6482,472,405,127658,6775,120883,0.946928512118316,201239,5032739,5233978,1,3189.01,6287.89,3188.55,6287.36,846
852,11276,11683,6102,6518,407,416,102915,5085,97830,0.95059029296021,40680,4178835,4219515,1,11493.71,6321.56,11493.13,6320.97,853
853,6256,6769,6109,6571,513,462,157936,86,157850,0.9994554756357006,3526,6471850,6475376,0,6504.94,6317.28,6504.5,6316.94,854
857,8297,8755,6120,6777,458,657,162703,0,162703,1.0,0,6670823,6670823,0,8549.36,6409.92,8548.83,6409.7,858
859,12940,13367,6136,6497,427,361,102803,3188,99615,0.968989231831756,70268,4144655,4214923,1,13146.43,6329.28,13146.03,6328.71,860
861,13671,14032,6154,6499,361,345,85983,0,85983,1.0,0,3525303,3525303,0,13862.88,6335.27,13862.27,6334.72,863
862,12699,12991,6155,6517,292,362,61169,0,61169,1.0,0,2507929,2507929,0,12864.99,6310.76,12864.44,6310.6,862
867,9579,9872,6174,6418,293,244,37945,0,37945,1.0,0,1555745,1555745,0,9725.22,6302.66,9724.53,6302.02,871
868,10279,10518,6174,6461,239,287,55646,5871,49775,0.8944937641519606,52839,2228647,2281486,1,10395.25,6316.94,10394.79,6316.44,869
873,12189,12463,6198,6545,274,347,63334,4638,58696,0.9267691919032433,92760,2503934,2596694,1,12321.76,6379.13,12321.3,6378.53,874
874,8913,9295,6201,6552,382,351,86474,0,86474,1.0,0,3545434,3545434,0,9109.57,6369.17,9109.0,6368.69,875
877,5552,6125,6209,6508,573,299,121722,0,121722,1.0,0,4990602,4990602,0,5828.98,6355.38,5828.52,6354.94,878
879,12434,12805,6212,6557,371,345,64364,0,64364,1.0,0,2638924,2638924,0,12604.4,6427.52,12604.45,6426.54,900
880,7432,7748,6236,6508,316,272,45762,0,45762,1.0,0,1876242,1876242,0,7595.52,6379.16,7595.13,6378.34,881
882,11585,11878,6246,6557,293,311,47431,3804,43627,0.9197992873858868,41844,1902827,1944671,1,11729.04,6407.56,11728.48,6407.02,882
883,9500,9779,6250,6655,279,405,61282,0,61282,1.0,0,2512562,2512562,0,9654.32,6477.32,9653.46,6476.23,884
886,4418,4584,6258,6376,166,118,13560,0,13560,1.0,0,555960,555960,0,4508.0,6316.43,4507.4,6315.94,885
887,8092,8546,6260,6790,454,530,134725,0,134725,1.0,0,5523725,5523725,0,8300.16,6531.88,8300.02,6531.7,887
889,8702,9100,6266,6817,398,551,138277,0,138277,1.0,0,5669357,5669357,0,8886.47,6535.0,8886.01,6534.54,889
890,13200,13719,6266,6753,519,487,143180,0,143180,1.0,0,5870380,5870380,0,13452.06,6502.08,13451.52,6501.51,890
893,14812,15127,6268,6662,315,394,73621,3508,70113,0.9523505521522392,49112,2969349,3018461,1,14976.03,6471.02,14975.28,6470.31,892
894,10970,11396,6283,6675,426,392,113369,7770,105599,0.9314627455477248,46620,4601509,4648129,1,11190.04,6489.36,11189.48,6488.79,895
896,2403,2753,6285,6722,350,437,105706,5214,100492,0.9506745123266418,83424,4250522,4333946,1,2558.15,6494.78,2557.67,6494.34,896
897,14569,14882,6287,6561,313,274,53419,0,53419,1.0,0,2190179,2190179,0,14751.5,6435.8,14750.74,6435.18,897
900,4261,4835,6298,6687,574,389,119548,4187,115361,0.96497641114866,75366,4826102,4901468,1,4527.73,6499.93,4527.35,6499.39,901
901,6562,7127,6299,6739,565,440,161006,6036,154970,0.962510713886439,164106,6437140,6601246,1,6863.46,6524.49,6862.74,6524.12,902
903,9293,9573,6307,6570,280,263,49842,0,49842,1.0,0,2043522,2043522,0,9452.75,6439.5,9452.03,6438.94,904
904,11732,12226,6312,6753,494,441,164884,6606,158278,0.9599354697848184,92484,6667760,6760244,1,11992.35,6538.92,11991.78,6538.4,905
905,3890,4093,6324,6543,203,219,25339,0,25339,1.0,0,1038899,1038899,0,3994.83,6422.4,3994.34,6422.08,906
906,14012,14263,6324,6612,251,288,49347,0,49347,1.0,0,2023227,2023227,0,14133.66,6470.61,14133.09,6470.02,907
908,4007,4340,6334,6675,333,341,62295,1257,61038,0.9798218155550203,35196,2518899,2554095,1,4173.58,6518.78,4173.13,6518.16,909
909,7121,7593,6342,6777,472,435,139877,6342,133535,0.9546601657170228,164892,5570065,5734957,1,7348.55,6549.98,7348.06,6549.52,910
910,9744,10141,6346,6745,397,399,114031,3626,110405,0.968201629381484,65268,4610003,4675271,1,9938.7,6556.04,9938.29,6555.6,912
911,2725,3030,6347,6659,305,312,56008,0,56008,1.0,0,2296328,2296328,0,2869.23,6477.36,2868.8,6477.12,911
915,10769,11029,6371,6642,260,271,33631,0,33631,1.0,0,1378871,1378871,0,10883.51,6492.74,10883.33,6492.57,916
918,10424,10678,6396,6647,254,251,43338,0,43338,1.0,0,1776858,1776858,0,10541.09,6529.78,10540.65,6529.23,919
920,4820,5198,6403,6747,378,344,81420,0,81420,1.0,0,3338220,3338220,0,5010.67,6571.07,5010.16,6570.57,921
925,14178,14451,6427,6771,273,344,62043,211,61832,0.9965991328594684,8651,2535112,2543763,0,14327.93,6589.84,14327.51,6589.53,924
927,12629,12894,6434,6687,265,253,46254,0,46254,1.0,0,1896414,1896414,0,12768.48,6561.81,12767.91,6561.31,928
929,3553,4114,6443,6814,561,371,109230,2250,106980,0.9794012633891788,20250,4458180,4478430,1,3842.85,6606.86,3842.18,6606.65,930
930,13613,14063,6443,6710,450,267,74062,0,74062,1.0,0,3036542,3036542,0,13855.12,6575.09,13854.37,6574.49,931
931,2861,3241,6447,6897,380,450,117954,6359,111595,0.9460891533987824,76308,4759806,4836114,1,3043.75,6686.55,3043.31,6685.99,932
934,14432,14785,6454,6845,353,391,95561,5644,89917,0.9409382488672156,84660,3833341,3918001,1,14589.96,6642.83,14589.57,6642.42,935
935,12180,12498,6468,6707,318,239,43514,0,43514,1.0,0,1784074,1784074,0,12340.25,6596.25,12339.77,6595.61,936
936,11364,11753,6469,6782,389,313,82070,0,82070,1.0,0,3364870,3364870,0,11567.69,6627.05,11567.0,6626.47,937
938,5462,5930,6483,6901,468,418,125013,0,125013,1.0,0,5125533,5125533,0,5705.15,6679.84,5704.68,6679.31,942
941,7508,7928,6490,6809,420,319,87006,410,86596,0.995287681309335,13940,3553306,3567246,0,7723.05,6645.07,7722.47,6644.62,941
942,10675,10859,6492,6683,184,191,21268,0,21268,1.0,0,871988,871988,0,10771.19,6593.91,10770.63,6593.3,943
943,7955,8338,6507,6879,383,372,74601,35,74566,0.9995308373882388,1435,3057206,3058641,0,8138.98,6715.49,8138.58,6714.87,944
945,10115,10380,6513,6860,265,347,59448,0,59448,1.0,0,2437368,2437368,0,10247.8,6700.73,10247.17,6700.01,946
946,6292,6711,6516,6868,419,352,99147,371,98776,0.9962580814346376,15211,4049816,4065027,0,6487.0,6691.42,6486.6,6690.93,947
947,9016,9393,6518,6934,377,416,107324,4413,102911,0.9588815176474972,101499,4298785,4400284,1,9211.29,6726.45,9210.71,6725.99,948
948,10858,11493,6519,6907,635,388,124829,0,124829,1.0,0,5117989,5117989,0,11164.09,6730.36,11163.65,6729.92,949
949,14740,14950,6519,6725,210,206,22732,0,22732,1.0,0,932012,932012,0,14851.47,6633.19,14850.87,6632.23,952
951,2552,2863,6534,6800,311,266,50799,0,50799,1.0,0,2082759,2082759,0,2715.62,6685.03,2714.99,6684.4,951
953,4127,4515,6558,6969,388,411,94719,0,94719,1.0,0,3883479,3883479,0,4340.16,6761.33,4339.46,6760.74,954
954,9374,9652,6564,6917,278,353,69359,0,69359,1.0,0,2843719,2843719,0,9514.59,6733.31,9514.09,6732.83,955
956,13444,13974,6575,6916,530,341,95440,0,95440,1.0,0,3913040,3913040,0,13726.76,6752.58,13725.84,6751.88,958
965,5285,5687,6599,6979,402,380,72972,119,72853,0.9983692375157596,4879,2986973,2991852,0,5471.89,6808.75,5471.16,6807.96,966
969,4490,4949,6611,6923,459,312,83010,986,82024,0.9881219130225274,40426,3362984,3403410,1,4675.1,6769.72,4675.35,6769.24,970
971,9608,9891,6615,7056,283,441,87238,242,86996,0.9972259795043444,9922,3566836,3576758,0,9745.49,6847.72,9744.99,6847.09,973
972,6884,7262,6617,6991,378,374,77142,0,77142,1.0,0,3162822,3162822,0,7071.9,6786.96,7071.29,6786.69,972
973,10365,10660,6624,6952,295,328,76541,0,76541,1.0,0,3138181,3138181,0,10509.37,6786.36,10508.88,6785.88,974
978,3896,4228,6660,6972,332,312,70831,500,70331,0.9929409439369768,16500,2887571,2904071,1,4073.19,6827.46,4072.68,6826.9,979
981,14647,15132,6668,7024,485,356,102556,1467,101089,0.9856956199539764,60147,4144649,4204796,1,14874.87,6855.54,14874.52,6854.94,982
985,10644,11014,6673,7039,370,366,94714,4406,90308,0.9534810059758853,88120,3795154,3883274,1,10827.74,6852.86,10827.25,6852.38,985
990,12916,13368,6695,7020,452,325,94026,0,94026,1.0,0,3855066,3855066,0,13160.8,6857.33,13160.07,6856.65,991
991,2296,2632,6696,7070,336,374,78179,0,78179,1.0,0,3205339,3205339,0,2474.79,6888.04,2474.14,6887.64,992
992,9852,10233,6697,7039,381,342,84398,4481,79917,0.9469063247944264,94101,3366217,3460318,1,10049.36,6862.2,10048.7,6861.6,993
994,14081,14475,6711,7095,394,384,103157,6401,96756,0.9379489515980496,134421,4095016,4229437,1,14272.82,6882.09,14272.3,6881.77,995
995,5743,6208,6730,7076,465,346,98497,6501,91996,0.933997989786491,73881,3964496,4038377,1,5983.89,6894.74,5983.25,6894.33,996
997,4873,5224,6738,7256,351,518,119996,6565,113431,0.9452898429947664,196950,4722886,4919836,1,5053.88,7019.08,5053.25,7018.35,998
1000,2553,2981,6748,7185,428,437,118069,4684,113385,0.9603282826144034,51524,4789305,4840829,1,2758.31,6962.72,2757.88,6962.3,1001
1003,12428,12999,6755,7174,571,419,139278,1169,138109,0.9916067146282974,38577,5671821,5710398,1,12700.52,6946.84,12700.04,6946.39,1004
1006,6566,6983,6760,7166,417,406,95132,0,95132,1.0,0,3900412,3900412,0,6785.01,6963.8,6784.43,6963.25,1007
1011,8881,9145,6774,7160,264,386,71833,802,71031,0.9888352150125986,31278,2913875,2945153,1,9005.3,6965.56,9004.8,6965.1,1012
1012,14462,14648,6781,6893,186,112,15323,0,15323,1.0,0,628243,628243,0,14552.55,6837.58,14552.01,6837.0,1013
1021,7340,7787,6800,7141,447,341,110019,5359,104660,0.951290231687254,37513,4473266,4510779,1,7577.91,6971.62,7577.27,6971.13,1021
1023,7997,8504,6809,7232,507,423,125470,2021,123449,0.9838925639595122,54567,5089703,5144270,1,8254.39,7019.56,8253.8,7019.04,1024
1024,13197,13552,6825,7208,355,383,70973,0,70973,1.0,0,2909893,2909893,0,13349.48,7018.39,13349.24,7017.75,1025
1027,9103,9533,6831,7182,430,351,107914,5135,102779,0.952415812591508,51350,4373124,4424474,1,9322.47,7019.75,9321.96,7019.19,1029
1030,10906,11343,6837,7208,437,371,107366,0,107366,1.0,0,4402006,4402006,0,11141.16,7004.02,11140.51,7003.63,1031
1031,2916,3318,6838,7178,402,340,87954,6576,81378,0.9252336448598132,65760,3540354,3606114,1,3124.16,7004.01,3123.59,7003.6,1032
1033,10089,10470,6848,7174,381,326,63891,634,63257,0.9900768496345338,19020,2600511,2619531,0,10297.21,6995.16,10296.48,6994.95,1033
1034,6975,7394,6851,7327,419,476,133490,110,133380,0.9991759682373212,4510,5468580,5473090,0,7170.15,7069.58,7169.72,7069.18,1034
1035,14359,14785,6855,7185,426,330,90198,3878,86320,0.9570056985742478,76704,3621414,3698118,1,14558.14,7028.42,14557.68,7027.82,1037
1036,4629,4942,6856,7231,313,375,69822,18,69804,0.99974220159835,738,2861964,2862702,0,4789.87,7043.45,4789.54,7043.61,1036
1038,4186,4717,6859,7278,531,419,142867,6238,136629,0.9563370127461204,43666,5813881,5857547,1,4466.19,7061.71,4465.56,7061.06,1039
1040,11317,11579,6866,7169,262,303,49061,0,49061,1.0,0,2011501,2011501,0,11438.26,7013.12,11437.99,7012.79,1041
1041,5384,5826,6869,7236,442,367,93038,0,93038,1.0,0,3814558,3814558,0,5609.84,7058.08,5609.29,7057.61,1042
1043,11494,11680,6876,7099,186,223,23857,0,23857,1.0,0,978137,978137,0,11586.53,6991.24,11585.72,6990.4,1044
1049,14777,15182,6900,7165,405,265,63200,0,63200,1.0,0,2591200,2591200,0,15006.26,7041.68,15005.44,7041.17,1050
1053,3914,4214,6931,7169,300,238,49435,0,49435,1.0,0,2026835,2026835,0,4063.24,7041.92,4062.56,7041.57,1054
1057,10194,10685,6949,7642,491,693,201385,1238,200147,0.9938525709461976,17332,8239453,8256785,1,10453.04,7285.52,10452.48,7285.17,1058
1058,8442,9020,6960,7526,578,566,185102,0,185102,1.0,0,7589182,7589182,0,8753.85,7236.0,8753.07,7235.14,1059
1060,13402,13695,6967,7281,293,314,68796,1446,67350,0.9789813361241932,33258,2787378,2820636,1,13545.08,7123.15,13544.81,7122.84,1061
1061,3423,3682,6969,7240,259,271,36783,0,36783,1.0,0,1508103,1508103,0,3553.97,7093.41,3553.35,7093.09,1062
1062,5926,6213,6969,7200,287,231,39887,0,39887,1.0,0,1635367,1635367,0,6085.85,7085.44,6085.17,7084.9,1063
1064,9872,10123,6993,7220,251,227,36289,0,36289,1.0,0,1487849,1487849,0,9988.07,7109.45,9987.64,7108.93,1065
1065,10663,11075,6993,7416,412,423,106921,5014,101907,0.953105563921026,40112,4343649,4383761,1,10861.73,7189.27,10861.53,7189.01,1066
1067,6142,6397,6997,7287,255,290,46083,0,46083,1.0,0,1889403,1889403,0,6275.3,7159.28,6274.61,7158.33,1068
1070,13986,14258,7003,7250,272,247,52662,0,52662,1.0,0,2159142,2159142,0,14115.93,7125.19,14115.44,7124.69,1069
1073,9417,9748,7011,7272,331,261,46421,0,46421,1.0,0,1903261,1903261,0,9598.78,7141.61,9598.1,7141.18,1072
1076,6520,6855,7022,7314,335,292,54910,1828,53082,0.9667091604443636,71292,2180018,2251310,1,6674.07,7158.74,6673.49,7158.6,1076
1078,9711,9897,7024,7220,186,196,26083,0,26083,1.0,0,1069403,1069403,0,9802.08,7124.8,9801.72,7124.32,1077
1084,3125,3492,7045,7313,367,268,57256,4883,52373,0.914716361604024,58596,2288900,2347496,1,3318.67,7178.49,3318.08,7178.06,1085
1087,13643,13844,7057,7318,201,261,33702,0,33702,1.0,0,1381782,1381782,0,13747.65,7179.21,13747.12,7178.87,1088
1088,14457,14868,7060,7394,411,334,80622,0,80622,1.0,0,3305502,3305502,0,14671.06,7240.08,14670.74,7239.41,1090
1089,5733,6004,7062,7323,271,261,46827,0,46827,1.0,0,1919907,1919907,0,5879.71,7189.84,5879.2,7189.42,1089
1090,2686,3113,7065,7394,427,329,83750,3084,80666,0.9631761194029852,92520,3341230,3433750,1,2895.3,7225.84,2894.83,7225.23,1091
1091,12544,13096,7065,7620,552,555,205294,7657,197637,0.9627022708895536,77294,8339760,8417054,1,12839.14,7322.06,12838.62,7321.64,1092
1093,11409,11856,7068,7457,447,389,108211,6593,101618,0.9390727375220632,85709,4350942,4436651,1,11630.96,7247.26,11630.41,7246.88,1094
1096,7715,8247,7089,7507,532,418,135699,6907,128792,0.9491005829077592,48349,5515310,5563659,1,7975.68,7275.82,7975.04,7275.61,1097
1097,3482,3914,7091,7399,432,308,78581,0,78581,1.0,0,3221821,3221821,0,3677.39,7246.23,3677.08,7245.63,1098
1098,7440,7795,7101,7431,355,330,79871,0,79871,1.0,0,3274711,3274711,0,7623.14,7248.79,7622.59,7248.4,1099
1099,12224,12574,7106,7475,350,369,90570,1649,88921,0.9817930882190572,67609,3645761,3713370,1,12405.26,7285.68,12404.69,7285.2,1100
1100,14817,15068,7106,7319,251,213,27782,0,27782,1.0,0,1139062,1139062,0,14926.96,7202.18,14926.64,7201.78,1101
1102,9023,9464,7123,7382,441,259,64568,1799,62769,0.9721379011274937,70161,2577127,2647288,1,9252.38,7240.99,9251.66,7240.44,1103
1104,6750,7140,7143,7496,390,353,96242,0,96242,1.0,0,3945922,3945922,0,6938.46,7331.18,6937.99,7330.65,1105
1105,13068,13384,7146,7596,316,450,98640,0,98640,1.0,0,4044240,4044240,0,13211.92,7378.45,13211.43,7377.9,1106
1106,5184,5533,7150,7717,349,567,114248,0,114248,1.0,0,4684168,4684168,0,5374.82,7407.57,5374.25,7407.37,1109
1108,4598,5289,7151,7616,691,465,188286,1342,186944,0.992872544958202,55022,7664704,7719726,1,4907.98,7368.69,4907.84,7367.9,1108
1113,5473,5857,7164,7537,384,373,98365,0,98365,1.0,0,4032965,4032965,0,5653.16,7342.48,5652.71,7341.94,1114
1114,11046,11331,7170,7415,285,245,45560,0,45560,1.0,0,1867960,1867960,0,11173.4,7291.45,11173.0,7291.02,1115
1115,9803,10220,7173,7637,417,464,124285,0,124285,1.0,0,5095685,5095685,0,10019.82,7417.08,10019.27,7416.59,1116
1117,3021,3354,7176,7454,333,278,51253,0,51253,1.0,0,2101373,2101373,0,3173.77,7334.04,3173.33,7333.41,1118
1118,13758,14528,7185,7552,770,367,194277,2805,191472,0.9855618524066152,56100,7909257,7965357,1,14136.21,7377.74,14135.89,7377.1,1119
1119,9585,9882,7199,7554,297,355,75630,0,75630,1.0,0,3100830,3100830,0,9728.66,7364.8,9728.22,7364.3,1120
1126,6550,6794,7219,7494,244,275,42637,0,42637,1.0,0,1748117,1748117,0,6674.3,7357.29,6673.71,7357.09,1127
1129,11981,12305,7226,7598,324,372,92396,0,92396,1.0,0,3788236,3788236,0,12143.74,7419.56,12143.25,7419.0,1130
1130,6112,6611,7229,7823,499,594,178297,7237,171060,0.959410421936432,86844,7223333,7310177,1,6385.0,7525.7,6384.6,7525.46,1131
1131,5898,6268,7233,7672,370,439,113580,0,113580,1.0,0,4656780,4656780,0,6071.8,7449.34,6071.3,7448.78,1133
1133,11689,11992,7245,7574,303,329,72032,0,72032,1.0,0,2953312,2953312,0,11842.2,7416.58,11841.65,7416.03,1134
1136,13453,13789,7262,7467,336,205,42355,0,42355,1.0,0,1736555,1736555,0,13595.95,7349.5,13595.81,7349.01,1137
1140,7227,7576,7290,7630,349,340,90213,0,90213,1.0,0,3698733,3698733,0,7403.08,7467.61,7402.61,7467.06,1141
1143,5783,5928,7306,7530,145,224,19616,0,19616,1.0,0,804256,804256,0,5859.73,7415.23,5859.28,7414.8,1144
1145,10621,11068,7318,7626,447,308,86438,0,86438,1.0,0,3543958,3543958,0,10833.41,7458.83,10832.96,7458.39,1146
1146,2606,2877,7320,7554,271,234,37696,0,37696,1.0,0,1545536,1545536,0,2731.72,7431.87,2731.31,7431.35,1147
1150,7848,8381,7338,7777,533,439,132524,0,132524,1.0,0,5433484,5433484,0,8135.35,7555.48,8134.79,7554.98,1151
1151,8482,8893,7345,7756,411,411,81230,0,81230,1.0,0,3330430,3330430,0,8651.46,7544.62,8651.46,7544.23,1152
1155,2278,2731,7366,7852,453,486,136761,5309,131452,0.961180453491858,100871,5506330,5607201,1,2497.66,7636.98,2497.25,7636.31,1155
1156,7569,7837,7370,7576,268,206,35381,0,35381,1.0,0,1450621,1450621,0,7686.07,7467.32,7685.78,7466.87,1156
1157,12525,12881,7371,7700,356,329,44434,992,43442,0.9776747535670882,36707,1785087,1821794,1,12723.31,7547.03,12722.27,7546.0,1157
1159,7040,7242,7387,7628,202,241,31130,19,31111,0.9993896562801156,779,1275551,1276330,0,7148.54,7499.33,7147.95,7498.97,1160
1161,3949,4691,7391,8074,742,683,262589,6963,255626,0.9734832761463732,97482,10668667,10766149,1,4364.82,7791.47,4363.75,7790.41,1164
1163,11339,11586,7392,7664,247,272,44616,0,44616,1.0,0,1829256,1829256,0,11461.72,7522.38,11461.18,7521.93,1162
1164,3185,3437,7411,7662,252,251,45017,0,45017,1.0,0,1845697,1845697,0,3297.93,7538.54,3297.83,7538.14,1165
1165,10927,11249,7411,7790,322,379,70511,0,70511,1.0,0,2890951,2890951,0,11107.65,7585.18,11107.05,7584.84,1166
1168,12255,12696,7427,7796,441,369,108824,284,108540,0.9973902815555392,11644,4450140,4461784,1,12483.57,7602.02,12482.95,7601.54,1169
1169,4978,5354,7430,7914,376,484,122998,4156,118842,0.9662108326964666,45716,4997202,5042918,1,5164.46,7649.02,5163.96,7648.7,1170
1170,10460,10742,7438,7671,282,233,35700,0,35700,1.0,0,1463700,1463700,0,10599.53,7563.4,10599.08,7562.89,1171
1172,5712,5950,7452,7799,238,347,51049,0,51049,1.0,0,2093009,2093009,0,5830.31,7635.66,5829.68,7634.98,1173
1173,14615,14961,7461,7804,346,343,72965,1384,71581,0.981032001644624,56744,2934821,2991565,1,14797.66,7603.66,14797.27,7603.41,1174
1174,6516,6787,7462,7739,271,277,46867,0,46867,1.0,0,1921547,1921547,0,6643.07,7605.26,6642.86,7604.48,1175
1177,6710,7131,7469,7912,421,443,130900,3656,127244,0.972070282658518,84088,5282812,5366900,1,6922.8,7667.85,6922.21,7667.46,1178
1178,13716,14428,7472,7832,712,360,148876,714,148162,0.9952040624412264,26418,6077498,6103916,0,14068.37,7647.4,14068.02,7647.02,1179
1182,3905,4165,7501,7702,260,201,26808,0,26808,1.0,0,1099128,1099128,0,4029.69,7597.41,4029.63,7596.91,1183
1183,7652,8139,7503,7944,487,441,108446,0,108446,1.0,0,4446286,4446286,0,7874.13,7709.11,7873.79,7708.81,1184
1185,14383,14676,7504,7724,293,220,40747,0,40747,1.0,0,1670627,1670627,0,14533.75,7616.59,14533.26,7616.1,1185
1187,8346,8520,7512,7708,174,196,23336,0,23336,1.0,0,956776,956776,0,8434.22,7601.24,8433.51,7601.11,1188
1189,9713,9996,7515,7774,283,259,43932,0,43932,1.0,0,1801212,1801212,0,9852.56,7634.32,9852.0,7633.93,1190
1190,9020,9424,7521,7796,404,275,73420,0,73420,1.0,0,3010220,3010220,0,9215.71,7656.04,9215.48,7655.5,1191
1193,9407,9821,7533,7933,414,400,112450,0,112450,1.0,0,4610450,4610450,0,9612.27,7735.78,9611.77,7735.26,1194
1196,11717,11979,7544,7775,262,231,40673,0,40673,1.0,0,1667593,1667593,0,11847.98,7650.83,11847.53,7650.39,1197
1197,13271,13591,7545,7806,320,261,57003,0,57003,1.0,0,2337123,2337123,0,13419.89,7658.99,13419.46,7658.55,1198
1199,11883,12307,7563,7886,424,323,91801,0,91801,1.0,0,3763841,3763841,0,12104.42,7729.04,12103.91,7728.43,1202
1203,13055,13381,7572,8103,326,531,113756,0,113756,1.0,0,4663996,4663996,0,13220.79,7850.08,13220.24,7849.52,1205
1205,3623,3960,7584,7802,337,218,46321,0,46321,1.0,0,1899161,1899161,0,3798.0,7690.56,3797.42,7690.09,1206
1206,8487,8767,7588,8043,280,455,78930,0,78930,1.0,0,3236130,3236130,0,8620.58,7859.33,8619.79,7858.26,1208
1207,3412,3627,7589,7801,215,212,29045,3550,25495,0.8777758650370115,85200,1105645,1190845,1,3516.59,7701.65,3516.06,7701.16,1207
1209,7185,7561,7607,8051,376,444,121658,1237,120421,0.9898321524272962,13607,4974371,4987978,1,7374.77,7820.81,7374.3,7820.37,1211
1212,9972,10387,7609,7975,415,366,90618,5568,85050,0.9385552539230616,83520,3631818,3715338,1,10146.4,7770.36,10146.13,7770.04,1213
1217,10557,10799,7635,7860,242,225,31453,0,31453,1.0,0,1289573,1289573,0,10685.4,7734.2,10684.79,7733.87,1218
1219,14254,14584,7639,7941,330,302,66355,0,66355,1.0,0,2720555,2720555,0,14423.96,7797.44,14423.36,7796.87,1220
1222,15061,15338,7659,7907,277,248,50013,0,50013,1.0,0,2050533,2050533,0,15213.84,7773.38,15213.26,7772.9,1223
1224,11018,11530,7665,8182,512,517,170567,3465,167102,0.9796854022173104,55440,6937807,6993247,1,11304.81,7912.07,11304.16,7911.58,1225
1225,2630,3058,7670,7905,428,235,69430,3105,66325,0.9552786979691776,49680,2796950,2846630,1,2850.66,7782.87,2850.07,7782.33,1226
1226,14576,14878,7679,7967,302,288,62302,3543,58759,0.9431318416744244,83289,2471093,2554382,1,14726.43,7818.44,14725.94,7817.99,1229
1229,12708,13099,7680,8083,391,403,105112,0,105112,1.0,0,4309592,4309592,0,12914.03,7860.7,12913.5,7860.36,1228
1230,8064,8502,7681,8223,438,542,151849,5817,146032,0.9616922073902364,98889,6126920,6225809,1,8297.8,7941.55,8297.13,7941.11,1231
1233,11490,11918,7696,8031,428,335,106076,5390,100686,0.9491873750895584,107578,4241538,4349116,1,11681.07,7859.78,11680.71,7859.28,1234
1234,8915,9204,7711,7922,289,211,33733,0,33733,1.0,0,1383053,1383053,0,9048.7,7816.46,9048.38,7815.93,1235
1237,3695,4126,7721,8174,431,453,130197,4851,125346,0.9627410769833408,48510,5289567,5338077,1,3918.34,7942.94,3918.02,7942.53,1241
1238,6236,6511,7721,7942,275,221,41225,0,41225,1.0,0,1690225,1690225,0,6355.81,7829.68,6355.47,7829.29,1238
1239,7529,7882,7726,8054,353,328,85963,0,85963,1.0,0,3524483,3524483,0,7697.77,7901.34,7697.33,7900.79,1239
1241,10654,10949,7728,8144,295,416,73673,1775,71898,0.9759070487152688,72775,2947818,3020593,1,10805.32,7946.91,10804.78,7946.33,1242
1243,13802,14318,7732,8037,516,305,96845,22,96823,0.999772832877278,902,3969743,3970645,0,14067.84,7888.95,14067.27,7888.48,1244
1245,6491,6871,7734,8074,380,340,82642,0,82642,1.0,0,3388322,3388322,0,6664.25,7888.95,6663.87,7888.56,1246
1246,13359,13709,7737,8186,350,449,109504,7230,102274,0.9339750146113384,159060,4330604,4489664,1,13536.1,7951.74,13535.79,7951.6,1247
1247,10248,10686,7740,8142,438,402,113620,7584,106036,0.9332511881710966,189600,4468820,4658420,1,10479.6,7943.94,10478.91,7943.61,1248
1248,14864,14997,7744,7948,133,204,17732,0,17732,1.0,0,727012,727012,0,14931.14,7854.44,14930.68,7853.82,1249
1249,14923,15364,7753,8191,441,438,115231,2812,112419,0.9755968445991096,50616,4673855,4724471,1,15121.9,8009.92,15121.51,8009.24,1250
1250,5547,6043,7771,8331,496,560,174346,2990,171356,0.9828501944409392,86710,7061476,7148186,1,5817.3,8059.58,5816.75,8059.01,1251
1253,9123,9685,7787,8247,562,460,154339,7632,146707,0.9505504117559398,45792,6282107,6327899,1,9382.93,7998.78,9382.69,7998.45,1254
1254,2299,2730,7789,8082,431,293,92521,16,92505,0.9998270662876536,656,3792705,3793361,0,2525.51,7938.18,2524.78,7937.64,1255
1256,3203,3701,7792,8212,498,420,124475,0,124475,1.0,0,5103475,5103475,0,3445.87,7985.28,3445.27,7984.92,1256
1258,8693,9204,7795,8236,511,441,147000,5756,141244,0.960843537414966,86340,5940660,6027000,1,8932.43,8043.25,8932.19,8042.59,1259
1264,6984,7290,7815,8199,306,384,72158,0,72158,1.0,0,2958478,2958478,0,7143.9,8022.07,7143.27,8021.37,1265
1266,13668,14036,7831,8268,368,437,91547,0,91547,1.0,0,3753427,3753427,0,13834.06,8085.65,13833.46,8084.78,1267
1267,11973,12433,7842,8262,460,420,133291,4311,128980,0.9676572311708967,81909,5383022,5464931,1,12201.58,8025.26,12201.09,8024.92,1268
1268,6639,7007,7847,8389,368,542,123367,7326,116041,0.9406162101696564,51282,5006765,5058047,1,6826.84,8141.83,6826.32,8141.07,1269
1269,12478,12903,7851,8188,425,337,100508,5162,95346,0.9486409042066304,134212,3986616,4120828,1,12683.44,8024.17,12682.97,8023.67,1270
1272,7853,8165,7858,8241,312,383,70275,0,70275,1.0,0,2881275,2881275,0,8030.11,8028.42,8029.53,8028.13,1273
1273,11645,12011,7862,8136,366,274,50724,0,50724,1.0,0,2079684,2079684,0,11854.6,8015.37,11853.84,8014.91,1274
1275,9786,10137,7865,8145,351,280,73392,146,73246,0.9980106823632005,5986,3003086,3009072,0,9957.08,8008.87,9956.52,8008.26,1276
1276,2680,3055,7876,8153,375,277,67017,0,67017,1.0,0,2747697,2747697,0,2876.7,8009.19,2876.05,8008.67,1277
1277,4485,4811,7877,8159,326,282,59485,0,59485,1.0,0,2438885,2438885,0,4643.91,8032.47,4643.5,8031.86,1278
1278,14379,14821,7879,8174,442,295,90662,5169,85493,0.942986036045973,118887,3598255,3717142,1,14591.53,8029.36,14591.1,8028.88,1279
1280,6108,6549,7892,8453,441,561,140820,0,140820,1.0,0,5773620,5773620,0,6304.25,8138.14,6303.74,8137.84,1281
1281,10855,11243,7900,8368,388,468,115413,0,115413,1.0,0,4731933,4731933,0,11043.12,8140.4,11042.6,8139.88,1282
1283,14766,14933,7907,8100,167,193,22834,0,22834,1.0,0,936194,936194,0,14861.53,8007.34,14860.9,8006.77,1284
1284,14167,14450,7912,8168,283,256,37754,984,36770,0.973936536525931,23616,1524298,1547914,1,14319.35,8039.12,14318.81,8038.7,1285
1285,3036,3260,7930,8140,224,210,28098,0,28098,1.0,0,1152018,1152018,0,3148.28,8057.21,3148.22,8056.17,1286
1287,7353,7773,7976,8506,420,530,151526,0,151526,1.0,0,6212566,6212566,0,7554.82,8231.75,7554.33,8231.26,1288
1289,2314,2686,7989,8410,372,421,77792,520,77272,0.9933155080213903,21320,3168152,3189472,1,2518.75,8195.59,2517.85,8194.74,1290
1290,12861,13151,7991,8242,290,251,43197,0,43197,1.0,0,1771077,1771077,0,13022.13,8127.1,13021.51,8126.57,1291
1293,10521,10857,8003,8322,336,319,55872,0,55872,1.0,0,2290752,2290752,0,10670.79,8165.5,10670.34,8165.07,1293
1295,11409,11779,8010,8298,370,288,62539,0,62539,1.0,0,2564099,2564099,0,11595.61,8157.0,11595.18,8156.51,1296
1299,7664,8040,8025,8557,376,532,135959,3948,132011,0.9709618340823336,55272,5519047,5574319,1,7859.66,8301.79,7859.05,8301.23,1300
1302,6183,6689,8037,8720,506,683,193639,664,192975,0.9965709387055294,26680,7912519,7939199,1,6466.69,8393.03,6466.21,8392.58,1303
1303,13143,13529,8046,8370,386,324,94661,0,94661,1.0,0,3881101,3881101,0,13338.94,8207.24,13338.44,8206.74,1304
1304,4274,4554,8049,8315,280,266,45059,0,45059,1.0,0,1847419,1847419,0,4417.56,8165.74,4416.82,8165.28,1305
1305,2643,2967,8051,8429,324,378,84866,3734,81132,0.9560012254613156,52276,3427230,3479506,1,2794.62,8243.12,2794.06,8242.59,1306
1308,5869,6148,8056,8354,279,298,54923,0,54923,1.0,0,2251843,2251843,0,6024.76,8223.01,6024.12,8222.44,1309
1310,14129,14516,8065,8435,387,370,84074,732,83342,0.9912933843994576,16104,3430930,3447034,1,14313.99,8256.86,14313.29,8256.21,1311
1312,11764,12164,8085,8432,400,347,87319,0,87319,1.0,0,3580079,3580079,0,11963.06,8236.87,11962.59,8236.53,1313
1315,2949,3299,8093,8431,350,338,76210,0,76210,1.0,0,3124610,3124610,0,3108.74,8247.63,3108.28,8247.2,1316
1317,3288,3622,8101,8326,334,225,43677,0,43677,1.0,0,1790757,1790757,0,3457.77,8209.33,3457.12,8208.89,1318
1319,8154,8568,8105,8488,414,383,101184,7668,93516,0.924217267552182,53883,4094661,4148544,1,8363.18,8297.24,8362.65,8296.79,1321
1320,14906,15343,8105,8439,437,334,71668,0,71668,1.0,0,2938388,2938388,0,15148.26,8268.51,15147.33,8267.86,1324
1323,9059,9454,8109,8507,395,398,104826,4497,100329,0.9571003377024784,76449,4221417,4297866,1,9255.55,8313.11,9255.0,8312.58,1323
1327,13921,14228,8127,8502,307,375,75536,0,75536,1.0,0,3096976,3096976,0,14071.19,8324.61,14070.81,8323.97,1328
1328,10239,10585,8130,8505,346,375,84467,0,84467,1.0,0,3463147,3463147,0,10410.63,8312.23,10410.05,8311.74,1329
1329,9812,10330,8133,8614,518,481,154492,5374,149118,0.9652150273153304,134686,6199486,6334172,1,10072.99,8366.12,10072.52,8365.68,1330
1333,9417,9746,8137,8493,329,356,68633,752,67881,0.9890431716521207,30832,2783121,2813953,1,9589.46,8289.69,9588.98,8289.4,1333
1334,14516,14834,8139,8337,318,198,35799,0,35799,1.0,0,1467759,1467759,0,14671.25,8230.55,14670.82,8230.11,1335
1335,11208,11373,8146,8356,165,210,19682,0,19682,1.0,0,806962,806962,0,11297.34,8256.92,11296.61,8256.28,1336
1336,4370,4773,8150,8434,403,284,64791,0,64791,1.0,0,2656431,2656431,0,4587.14,8291.87,4586.43,8291.39,1338
1340,3954,4370,8157,8572,416,415,115690,4483,111207,0.961249891952632,141503,4601787,4743290,1,4153.7,8350.36,4153.26,8349.95,1341
1342,6904,7168,8164,8460,264,296,47123,0,47123,1.0,0,1932043,1932043,0,7046.0,8312.11,7045.37,8311.72,1343
1343,12602,12970,8166,8542,368,376,96782,196,96586,0.9979748300303776,7448,3960614,3968062,0,12795.74,8334.61,12795.23,8334.18,1344
1345,5012,5266,8169,8454,254,285,50284,0,50284,1.0,0,2061644,2061644,0,5137.97,8316.01,5137.56,8315.39,1346
1346,12159,12649,8170,8515,490,345,80058,1424,78634,0.9822128956506532,47452,3234926,3282378,1,12440.76,8341.39,12439.7,8340.69,1347
1347,5226,5721,8172,8548,495,376,110677,0,110677,1.0,0,4537757,4537757,0,5460.49,8353.21,5459.95,8352.55,1348
1349,12904,13252,8183,8582,348,399,94413,0,94413,1.0,0,3870933,3870933,0,13080.32,8395.28,13079.85,8394.68,1350
1350,13599,13947,8188,8508,348,320,54774,0,54774,1.0,0,2245734,2245734,0,13764.12,8347.37,13763.46,8346.87,1351
1352,3498,3749,8193,8592,251,399,58597,1011,57586,0.9827465569909722,11121,2391356,2402477,1,3621.82,8392.71,3621.2,8392.25,1353
1353,8798,9069,8196,8469,271,273,52039,0,52039,1.0,0,2133599,2133599,0,8934.89,8322.28,8934.29,8321.92,1354
1354,14631,15256,8206,8681,625,475,140737,650,140087,0.9953814561913356,26650,5743567,5770217,1,14968.01,8415.64,14967.48,8415.33,1355
1355,4705,5038,8217,8615,333,398,96066,0,96066,1.0,0,3938706,3938706,0,4870.98,8417.89,4870.5,8417.39,1356
1357,11546,11975,8232,8577,429,345,96998,0,96998,1.0,0,3976918,3976918,0,11759.11,8407.91,11758.67,8407.45,1358
1360,3591,4012,8250,8759,421,509,124452,5946,118506,0.9522225436312796,107028,4995504,5102532,1,3819.21,8507.47,3818.57,8507.05,1361
1361,7047,7387,8261,8845,340,584,124777,0,124777,1.0,0,5115857,5115857,0,7210.72,8545.39,7210.21,8544.94,1362
1362,11970,12385,8261,8655,415,394,102050,0,102050,1.0,0,4184050,4184050,0,12195.48,8470.3,12194.85,8469.68,1363
1364,3379,3550,8268,8533,171,265,35020,0,35020,1.0,0,1435820,1435820,0,3462.04,8395.48,3461.66,8394.92,1365
1366,10516,10867,8270,8551,351,281,59480,0,59480,1.0,0,2438680,2438680,0,10719.07,8403.94,10718.17,8403.55,1366
1367,10993,11391,8272,8700,398,428,113941,0,113941,1.0,0,4671581,4671581,0,11202.79,8482.48,11202.25,8481.98,1368
1370,14421,14668,8280,8742,247,462,61137,1304,59833,0.978670853983676,39109,2467508,2506617,1,14557.65,8514.1,14557.29,8513.59,1371
1378,2515,2742,8321,8610,227,289,39114,0,39114,1.0,0,1603674,1603674,0,2633.83,8453.39,2633.31,8453.01,1378
1379,6598,6988,8321,8711,390,390,89393,0,89393,1.0,0,3665113,3665113,0,6781.65,8511.87,6781.34,8511.26,1383
1380,4214,4544,8322,8657,330,335,56038,0,56038,1.0,0,2297558,2297558,0,4398.96,8487.74,4398.43,8487.28,1382
1382,9602,9977,8323,8901,375,578,150075,7788,142287,0.9481059470264868,83340,6069735,6153075,1,9784.53,8609.41,9784.01,8608.89,1381
1383,5544,6187,8325,8729,643,404,188236,944,187292,0.9949850188061796,38704,7678972,7717676,0,5850.77,8518.92,5850.32,8518.45,1384
1388,2608,3067,8330,8784,459,454,120454,3884,116570,0.9677553256844936,50492,4888122,4938614,1,2847.94,8564.09,2847.32,8563.65,1387
1392,14218,14511,8369,8685,293,316,53300,993,52307,0.9813696060037524,40713,2144587,2185300,1,14373.81,8498.75,14373.24,8498.65,1393
1394,8819,9250,8382,8715,431,333,95479,0,95479,1.0,0,3914639,3914639,0,9026.03,8551.18,9025.6,8550.65,1395
1397,13666,14092,8403,8696,426,293,88899,0,88899,1.0,0,3644859,3644859,0,13866.61,8545.32,13866.18,8544.83,1398
1398,10779,11102,8409,8737,323,328,70793,0,70793,1.0,0,2902513,2902513,0,10938.96,8582.04,10938.48,8581.5,1399
1399,7714,8210,8421,8845,496,424,131440,0,131440,1.0,0,5389040,5389040,0,7997.43,8634.7,7996.67,8634.23,1400
1400,10328,10701,8426,8737,373,311,62054,0,62054,1.0,0,2544214,2544214,0,10556.94,8571.73,10555.71,8571.03,1401
1403,6817,7117,8432,8797,300,365,69935,0,69935,1.0,0,2867335,2867335,0,6976.41,8625.52,6975.95,8624.83,1404
1407,13249,13633,8450,8741,384,291,75458,0,75458,1.0,0,3093778,3093778,0,13416.5,8600.77,13416.26,8600.28,1408
1409,7389,7780,8465,8864,391,399,95218,0,95218,1.0,0,3903938,3903938,0,7583.66,8661.25,7583.1,8660.8,1411
1412,14646,15064,8470,8862,418,392,98284,5879,92405,0.9401835497130764,64669,3964975,4029644,1,14834.17,8677.14,14833.81,8676.64,1413
1415,10193,10532,8477,8837,339,360,70333,0,70333,1.0,0,2883653,2883653,0,10355.34,8677.6,10354.89,8676.95,1416
1417,11486,11873,8485,8918,387,433,82179,0,82179,1.0,0,3369339,3369339,0,11684.12,8685.55,11683.67,8685.22,1417
1418,13532,13668,8491,8603,136,112,12750,0,12750,1.0,0,522750,522750,0,13602.9,8544.36,13602.33,8543.85,1419
1421,11805,12159,8497,8817,354,320,65635,0,65635,1.0,0,2691035,2691035,0,11979.27,8669.87,11978.77,8669.45,1423
1424,14849,15190,8509,8762,341,253,38023,0,38023,1.0,0,1558943,1558943,0,15030.38,8627.58,15029.74,8627.05,1426
1425,2765,3261,8510,9038,496,528,147923,5949,141974,0.9597831304124445,118980,5945863,6064843,1,3023.24,8794.49,3022.71,8793.88,1425
1429,12777,13223,8524,8966,446,442,135802,3263,132539,0.97597237154092,58734,5509148,5567882,1,13010.51,8739.67,13009.82,8739.2,1430
1431,3837,4444,8533,8907,607,374,160115,6170,153945,0.9614651968897356,178930,6385785,6564715,1,4159.96,8709.56,4159.34,8709.05,1432
1434,4455,4893,8551,9013,438,462,104483,25,104458,0.999760726625384,1025,4282778,4283803,0,4670.51,8797.2,4670.06,8796.56,1435
1436,8613,8896,8565,8838,283,273,50145,0,50145,1.0,0,2055945,2055945,0,8755.62,8714.06,8755.16,8713.45,1437
1439,7099,7467,8576,9009,368,433,80810,796,80014,0.9901497339438188,32636,3280574,3313210,1,7303.79,8822.88,7303.4,8821.98,1440
1440,12553,12824,8582,8878,271,296,56092,0,56092,1.0,0,2299772,2299772,0,12689.09,8725.77,12688.56,8725.32,1441
1441,13476,13783,8583,8884,307,301,51693,0,51693,1.0,0,2119413,2119413,0,13628.84,8746.32,13628.54,8745.74,1442
1442,3075,3717,8590,9076,642,486,146241,667,145574,0.9954390355645818,18676,5977205,5995881,0,3415.94,8812.29,3414.98,8812.14,1443
1443,6397,6747,8594,8924,350,330,73840,0,73840,1.0,0,3027440,3027440,0,6579.54,8764.25,6578.82,8763.67,1444
1446,11267,11715,8605,9001,448,396,121287,4814,116473,0.9603090191034488,101094,4871673,4972767,1,11474.9,8814.58,11474.53,8814.11,1446
1447,5900,6438,8607,9164,538,557,201064,8042,193022,0.9600027851828272,224452,8019172,8243624,1,6179.19,8872.47,6178.47,8871.97,1447
1452,11024,11279,8633,8888,255,255,38021,0,38021,1.0,0,1558861,1558861,0,11156.42,8745.44,11155.78,8745.13,1453
1454,4379,4596,8638,8885,217,247,29930,1327,28603,0.9556632141663882,49099,1178031,1227130,1,4484.1,8748.03,4483.63,8747.71,1455
1455,14320,14670,8640,8878,350,238,51936,0,51936,1.0,0,2129376,2129376,0,14484.98,8756.63,14484.59,8756.11,1456
1456,10512,10782,8648,9049,270,401,57612,181,57431,0.9968582934110948,6516,2355576,2362092,0,10654.73,8843.94,10654.15,8843.48,1459
1457,12054,12277,8649,8913,223,264,41360,772,40588,0.9813346228239844,31652,1664108,1695760,0,12176.22,8782.42,12175.66,8781.95,1457
1458,13764,14075,8649,8887,311,238,58889,0,58889,1.0,0,2414449,2414449,0,13929.75,8769.47,13929.19,8768.95,1458
1462,14070,14425,8666,8982,355,316,70531,652,69879,0.9907558378585304,26732,2865039,2891771,0,14229.5,8824.57,14229.07,8824.08,1463
1463,8200,8423,8667,9108,223,441,64836,141,64695,0.9978252822506016,5358,2652918,2658276,0,8314.96,8905.13,8314.56,8904.38,1464
1466,4783,5015,8678,8939,232,261,34175,0,34175,1.0,0,1401175,1401175,0,4895.03,8811.83,4894.62,8811.41,1467
1472,12235,12745,8709,9186,510,477,151917,3860,148057,0.97459138871884,73340,6155257,6228597,1,12497.71,8975.84,12497.03,8975.46,1473
1475,9852,10123,8719,8986,271,267,52495,0,52495,1.0,0,2152295,2152295,0,9995.75,8850.45,9995.2,8849.97,1476
1476,7326,7944,8720,9209,618,489,179791,7700,172091,0.957172494729992,130900,7240531,7371431,1,7632.87,8961.84,7632.24,8961.3,1477
1479,5835,6016,8730,9014,181,284,30672,534,30138,0.9825899843505478,19758,1237794,1257552,0,5924.63,8864.02,5924.08,8863.67,1480
1480,10064,10405,8731,9128,341,397,80490,7694,72796,0.9044104857746303,53858,3246232,3300090,1,10240.65,8928.05,10240.02,8927.6,1481
1485,14549,14911,8744,8981,362,237,55706,0,55706,1.0,0,2283946,2283946,0,14732.74,8878.48,14732.16,8877.86,1485
1492,11821,12108,8781,9081,287,300,55344,0,55344,1.0,0,2269104,2269104,0,11971.66,8920.46,11971.12,8920.04,1493
1493,6777,7138,8783,9259,361,476,117890,0,117890,1.0,0,4833490,4833490,0,6959.38,9009.9,6958.86,9009.51,1494
1494,8515,8795,8785,9210,280,425,63160,0,63160,1.0,0,2589560,2589560,0,8664.93,8983.64,8664.36,8983.31,1495
1495,5458,5900,8790,9277,442,487,112699,0,112699,1.0,0,4620659,4620659,0,5665.2,9013.15,5664.8,9012.8,1496
1496,13640,13838,8797,9004,198,207,25460,0,25460,1.0,0,1043860,1043860,0,13741.64,8889.28,13741.22,8888.99,1497
1497,9429,9771,8799,9291,342,492,131996,0,131996,1.0,0,5411836,5411836,0,9592.01,9043.19,9591.53,9042.7,1498
1500,3705,4125,8816,9088,420,272,65234,589,64645,0.9909709660606432,24149,2650445,2674594,1,3949.32,8949.46,3948.07,8949.05,1501
1501,12664,12986,8820,9242,322,422,80251,2474,77777,0.9691717237168384,49480,3240811,3290291,1,12821.44,8999.09,12820.79,8999.03,1502
1502,11120,11331,8822,9016,211,194,28225,0,28225,1.0,0,1157225,1157225,0,11228.32,8922.39,11227.84,8921.85,1503
1503,4296,4473,8823,9022,177,199,21588,0,21588,1.0,0,885108,885108,0,4379.31,8910.23,4378.8,8909.87,1504
1510,10636,11194,8847,9283,558,436,149709,7423,142286,0.9504171425899578,192998,5945071,6138069,1,10928.46,9063.52,10927.91,9063.13,1511
1511,8770,9132,8852,9250,362,398,108382,0,108382,1.0,0,4443662,4443662,0,8951.75,9055.15,8951.32,9054.57,1512
1514,14366,14641,8859,9066,275,207,37488,0,37488,1.0,0,1537008,1537008,0,14505.03,8961.75,14504.5,8961.25,1515
1517,13307,13847,8862,9193,540,331,102994,0,102994,1.0,0,4222754,4222754,0,13582.47,9012.49,13581.97,9012.03,1517
1518,8389,8539,8868,9054,150,186,17713,0,17713,1.0,0,726233,726233,0,8462.77,8940.67,8461.9,8940.83,1519
1520,9099,9457,8872,9321,358,449,102374,0,102374,1.0,0,4197334,4197334,0,9280.74,9078.82,9280.22,9078.37,1521
1526,4395,4966,8889,9323,571,434,149667,4099,145568,0.9726125331569416,36891,6099456,6136347,1,4674.34,9120.93,4674.12,9120.49,1527
1529,6327,6782,8905,9235,455,330,72992,24,72968,0.9996711968434896,984,2991688,2992672,0,6551.77,9064.72,6551.12,9064.27,1530
1535,9712,10016,8936,9258,304,322,55111,0,55111,1.0,0,2259551,2259551,0,9874.76,9094.86,9874.19,9094.5,1536
1537,3243,3752,8939,9475,509,536,168397,6447,161950,0.961715469990558,96705,6807572,6904277,1,3527.85,9218.7,3527.24,9218.13,1538
1538,14139,14479,8941,9342,340,401,79906,1682,78224,0.9789502665632118,68962,3207184,3276146,1,14322.96,9113.89,14322.42,9113.62,1539
1543,5119,5542,8965,9715,423,750,193157,264,192893,0.9986332361757534,8712,7910725,7919437,0,5311.78,9349.79,5311.19,9349.15,1544
1544,14596,15065,8969,9288,469,319,90158,4933,85225,0.9452849442090552,73995,3622483,3696478,1,14855.28,9103.12,14854.6,9102.69,1545
1546,3687,3950,8978,9317,263,339,53156,0,53156,1.0,0,2179396,2179396,0,3810.46,9155.41,3809.99,9154.87,1547
1547,3124,3445,8979,9301,321,322,59827,0,59827,1.0,0,2452907,2452907,0,3263.83,9116.29,3263.39,9115.96,1548
1548,8304,8659,8980,9357,355,377,88690,0,88690,1.0,0,3636290,3636290,0,8483.23,9165.42,8482.73,9164.96,1549
1549,9899,10168,8980,9259,269,279,34352,0,34352,1.0,0,1408432,1408432,0,10065.65,9096.85,10063.99,9097.38,1550
1552,11756,12094,9006,9330,338,324,59270,0,59270,1.0,0,2430070,2430070,0,11920.1,9163.88,11919.69,9163.46,1552
1553,5770,6208,9009,9330,438,321,76438,0,76438,1.0,0,3133958,3133958,0,5951.2,9167.67,5951.21,9167.25,1553
1563,10387,10659,9042,9381,272,339,68728,381,68347,0.9944564078686998,14478,2803370,2817848,0,10529.11,9204.64,10528.58,9204.18,1564
1567,14415,14976,9064,9477,561,413,143659,5724,137935,0.960155646356998,135270,5754749,5890019,1,14680.33,9275.92,14679.87,9275.47,1568
1570,10153,10404,9077,9370,251,293,51794,0,51794,1.0,0,2123554,2123554,0,10276.58,9214.57,10275.97,9214.22,1571
1571,12185,12356,9089,9283,171,194,17015,0,17015,1.0,0,697615,697615,0,12275.6,9196.98,12274.71,9196.54,1572
1572,12820,13139,9092,9302,319,210,41664,0,41664,1.0,0,1708224,1708224,0,12965.49,9193.43,12965.22,9193.04,1573
1576,7400,7762,9118,9597,362,479,111928,0,111928,1.0,0,4589048,4589048,0,7597.78,9339.16,7597.37,9338.93,1576
1578,12333,12875,9133,9563,542,430,157362,5808,151554,0.9630914706218782,127776,6324066,6451842,1,12607.75,9336.56,12607.21,9336.08,1579
1579,5539,5781,9138,9354,242,216,27106,0,27106,1.0,0,1111346,1111346,0,5653.94,9245.74,5653.57,9245.16,1580
1581,11096,11342,9149,9402,246,253,46924,0,46924,1.0,0,1923884,1923884,0,11223.36,9274.79,11222.81,9274.27,1582
1582,3600,4192,9153,9617,592,464,146422,294,146128,0.997992105011542,9426,5993876,6003302,0,3885.24,9384.29,3884.97,9383.58,1583
1583,7023,7175,9158,9407,152,249,23282,0,23282,1.0,0,954562,954562,0,7093.82,9295.57,7093.39,9294.92,1584
1585,8745,9032,9163,9538,287,375,65245,2568,62677,0.9606406621197028,35952,2639093,2675045,1,8892.29,9353.82,8891.53,9353.15,1586
1587,9014,9277,9175,9545,263,370,61052,0,61052,1.0,0,2503132,2503132,0,9134.52,9353.79,9134.05,9353.38,1588
1588,9895,10186,9175,9443,291,268,57233,0,57233,1.0,0,2346553,2346553,0,10032.94,9305.93,10032.57,9305.38,1589
1589,11280,11785,9179,9715,505,536,151984,6333,145651,0.9583311401200126,139326,6092018,6231344,1,11531.09,9438.06,11530.52,9437.61,1590
1590,8374,8792,9181,9671,418,490,106481,0,106481,1.0,0,4365721,4365721,0,8604.11,9419.59,8603.34,9419.45,1591
1591,5640,5923,9187,9669,283,482,71769,0,71769,1.0,0,2942529,2942529,0,5779.5,9403.33,5778.96,9403.08,1593
1594,9252,9505,9195,9469,253,274,43268,0,43268,1.0,0,1773988,1773988,0,9385.53,9324.18,9384.97,9323.8,1595
1596,9400,9899,9196,9695,499,499,143702,2701,141001,0.981204158606004,37814,5853968,5891782,1,9633.24,9436.92,9632.83,9436.34,1597
1598,14124,14603,9206,9473,479,267,58478,0,58478,1.0,0,2397598,2397598,0,14340.66,9353.11,14340.43,9352.63,1599
1600,5757,6313,9219,9834,556,615,168871,5576,163295,0.966980713088689,150552,6773159,6923711,1,6012.24,9510.0,6011.81,9509.54,1601
1604,10740,11148,9239,9605,408,366,97474,0,97474,1.0,0,3996434,3996434,0,10951.99,9395.99,10951.47,9395.72,1605
1606,6942,7532,9243,9909,590,666,203107,0,203107,1.0,0,8327387,8327387,0,7250.34,9564.09,7249.61,9563.84,1607
1611,10543,10758,9257,9451,215,194,25308,0,25308,1.0,0,1037628,1037628,0,10674.4,9357.79,10673.52,9357.26,1612
1612,4500,4937,9261,9797,437,536,160955,1273,159682,0.9920909570998104,51102,6548053,6599155,1,4702.83,9509.33,4702.31,9508.87,1613
1613,12015,12530,9268,9829,515,561,171763,0,171763,1.0,0,7042283,7042283,0,12297.3,9550.15,12296.61,9549.51,1614
1614,11737,12108,9270,9644,371,374,86847,0,86847,1.0,0,3560727,3560727,0,11922.21,9454.05,11921.78,9453.64,1615
1619,6459,6798,9306,9806,339,500,98831,6700,92131,0.9322075057421254,80400,3971671,4052071,1,6607.34,9524.34,6606.78,9524.27,1620
1620,13939,14247,9312,9621,308,309,62376,556,61820,0.9910863152494548,13344,2544072,2557416,0,14083.26,9463.56,14082.87,9463.04,1621
1622,8221,8495,9322,9580,274,258,48872,0,48872,1.0,0,2003752,2003752,0,8353.32,9452.74,8353.07,9452.07,1623
1624,6587,7021,9328,9924,434,596,131970,6399,125571,0.9515117072061832,172773,5237997,5410770,1,6803.38,9634.99,6803.09,9634.41,1624
1625,10035,10253,9334,9544,218,210,25094,0,25094,1.0,0,1028854,1028854,0,10155.74,9442.23,10155.04,9441.68,1626
1626,3876,4406,9336,9921,530,585,169566,3728,165838,0.97801446044608,29824,6922382,6952206,1,4118.94,9618.31,4118.51,9617.94,1628
1630,5377,5718,9343,9760,341,417,97841,3132,94709,0.967988879917417,97092,3914389,4011481,1,5553.95,9552.57,5553.42,9552.11,1631
1631,9751,9978,9348,9614,227,266,32089,0,32089,1.0,0,1315649,1315649,0,9854.52,9475.16,9854.16,9474.82,1632
1636,10474,10791,9375,9681,317,306,70303,0,70303,1.0,0,2882423,2882423,0,10625.34,9536.31,10624.85,9535.74,1637
1639,6252,6492,9381,9835,240,454,79906,0,79906,1.0,0,3276146,3276146,0,6374.09,9609.6,6373.54,9609.06,1641
1640,12689,13031,9381,9809,342,428,80374,1628,78746,0.9797446935576182,66748,3228586,3295334,1,12869.4,9608.34,12868.74,9607.78,1640
1641,11081,11409,9385,9681,328,296,61329,2322,59007,0.962138629359683,37152,2477337,2514489,1,11254.49,9528.06,11253.88,9527.57,1642
1643,13341,13843,9389,9848,502,459,120205,0,120205,1.0,0,4928405,4928405,0,13592.51,9602.78,13592.14,9602.45,1643
1644,4823,5144,9404,9923,321,519,103351,918,102433,0.9911176476279862,35430,4201961,4237391,1,4980.29,9653.93,4979.68,9653.69,1645
1645,9129,9425,9405,9704,296,299,58397,0,58397,1.0,0,2394277,2394277,0,9282.78,9558.24,9282.2,9557.74,1646
1646,4111,4548,9407,9963,437,556,121009,3560,117449,0.9705807006090456,53400,4907969,4961369,1,4355.05,9729.99,4354.67,9729.11,1647
1648,14131,14819,9416,9771,688,355,148909,6168,142741,0.9585787292910436,55512,6049757,6105269,1,14498.29,9591.04,14497.6,9590.49,1649
1651,10149,10497,9426,9769,348,343,88963,0,88963,1.0,0,3647483,3647483,0,10330.65,9589.57,10330.09,9589.16,1652
1653,9858,10210,9437,9905,352,468,104002,0,104002,1.0,0,4264082,4264082,0,10029.85,9670.7,10029.48,9670.31,1654
1655,8576,8911,9441,9773,335,332,70868,0,70868,1.0,0,2905588,2905588,0,8757.4,9617.75,8756.8,9617.2,1656
1657,8889,9157,9449,9755,268,306,56545,7855,48690,0.8610840923158546,188520,2129825,2318345,1,9021.07,9602.48,9020.58,9601.98,1658
1658,7706,7926,9456,9678,220,222,26084,0,26084,1.0,0,1069444,1069444,0,7809.86,9541.91,7809.13,9541.54,1659
1667,10789,11025,9485,9763,236,278,39994,0,39994,1.0,0,1639754,1639754,0,10899.77,9605.83,10899.34,9605.55,1668
1668,13719,14073,9490,9768,354,278,57804,0,57804,1.0,0,2369964,2369964,0,13883.01,9625.74,13882.65,9625.25,1669
1669,7739,8127,9491,9905,388,414,91313,2579,88734,0.9717564859329996,61896,3681937,3743833,1,7936.1,9687.63,7935.6,9687.21,1670
1672,11522,12172,9519,10042,650,523,178550,0,178550,1.0,0,7320550,7320550,0,11867.99,9776.98,11867.32,9776.53,1674
1673,13017,13184,9519,9691,167,172,17015,0,17015,1.0,0,697615,697615,0,13089.4,9594.73,13088.97,9594.41,1673
1679,6004,6301,9557,10037,297,480,88116,887,87229,0.9899337237278132,36367,3576389,3612756,1,6153.02,9780.11,6152.14,9780.25,1680
1680,13202,13813,9561,10034,611,473,156067,1922,154145,0.9876847764101316,48022,6350725,6398747,1,13490.19,9820.55,13489.75,9820.0,1681
1682,10901,11373,9566,10045,472,479,144996,8415,136581,0.9419639162459654,163669,5781167,5944836,1,11146.18,9816.96,11145.61,9816.38,1683
1683,9566,9883,9568,9917,317,349,79123,0,79123,1.0,0,3244043,3244043,0,9722.53,9740.8,9722.05,9740.3,1684
1688,13854,14560,9583,9913,706,330,119028,1058,117970,0.9911113351480324,22218,4857930,4880148,1,14197.94,9760.81,14197.39,9760.4,1689
1691,11271,11491,9596,9804,220,208,25710,0,25710,1.0,0,1054110,1054110,0,11387.63,9702.42,11387.04,9701.87,1692
1693,5047,5207,9613,9870,160,257,23243,0,23243,1.0,0,952963,952963,0,5121.63,9735.24,5121.08,9734.9,1695
1694,9187,9598,9613,10139,411,526,128243,6915,121328,0.9460789282845848,186705,5071258,5257963,1,9412.56,9878.76,9411.88,9878.29,1694
1701,8133,8687,9634,10281,554,647,214011,969,213042,0.9954721953544444,39729,8734722,8774451,1,8419.83,9949.02,8419.1,9948.79,1702
1702,10354,10779,9636,9936,425,300,83492,0,83492,1.0,0,3423172,3423172,0,10554.94,9800.57,10554.5,9800.04,1703
1708,9004,9298,9660,10065,294,405,76579,0,76579,1.0,0,3139739,3139739,0,9151.72,9838.55,9151.36,9838.48,1709
1709,7943,8316,9664,10050,373,386,86659,1369,85290,0.9842024486781524,52022,3500997,3553019,1,8127.67,9856.0,8127.27,9855.55,1710
1711,7564,7830,9678,9959,266,281,40006,0,40006,1.0,0,1640246,1640246,0,7692.11,9824.36,7691.41,9824.04,1712
1713,11346,11661,9701,10014,315,313,62707,152,62555,0.9975760281946194,6232,2564755,2570987,0,11500.37,9868.75,11499.88,9868.17,1714
1714,5058,5441,9703,10082,383,379,87446,0,87446,1.0,0,3585286,3585286,0,5260.57,9888.1,5259.92,9887.74,1715
1717,8621,8780,9711,9915,159,204,22174,0,22174,1.0,0,909134,909134,0,8699.68,9818.28,8699.03,9817.64,1720
1722,5196,5683,9732,10634,487,902,209726,6930,202796,0.9669568866044268,200970,8397796,8598766,1,5445.07,10184.86,5444.52,10184.33,1723
1724,13155,13355,9735,9942,200,207,16170,0,16170,1.0,0,662970,662970,0,13237.75,9844.7,13237.55,9844.13,1725
1726,4339,4679,9747,10156,340,409,71680,0,71680,1.0,0,2938880,2938880,0,4497.49,9933.07,4496.99,9932.69,1727
1728,9754,10024,9751,10068,270,317,53160,0,53160,1.0,0,2179560,2179560,0,9897.8,9919.23,9897.27,9918.62,1729
1731,6394,6636,9756,10279,242,523,75096,0,75096,1.0,0,3078936,3078936,0,6497.55,9983.54,6496.98,9983.38,1732
1732,12792,13117,9759,10154,325,395,78511,0,78511,1.0,0,3218951,3218951,0,12962.94,9969.14,12962.35,9968.57,1733
1734,13770,14066,9768,10044,296,276,39296,978,38318,0.9751119706840392,28362,1582774,1611136,1,13898.01,9912.11,13897.81,9911.63,1735
1736,14206,14757,9770,10213,551,443,152474,7129,145345,0.9532444875847684,220999,6030435,6251434,1,14491.54,10025.61,14491.04,10024.9,1736
1739,7236,7605,9790,10198,369,408,85557,1343,84214,0.984302862419206,37604,3470233,3507837,1,7414.75,9979.66,7414.52,9979.72,1740
1740,6126,6449,9798,10321,323,523,96205,2934,93271,0.9695026246037108,49878,3894527,3944405,0,6289.6,10046.7,6289.33,10046.11,1745
1745,4429,4820,9812,10265,391,453,59591,726,58865,0.9878169522243292,29766,2413465,2443231,1,4618.55,10044.99,4618.18,10044.2,1746
1751,10065,10490,9838,10269,425,431,117416,7848,109568,0.9331607276691422,62784,4751272,4814056,1,10301.02,10065.06,10300.36,10064.57,1751
1752,10428,10906,9843,10263,478,420,117881,6734,111147,0.9428745938700892,40404,4792717,4833121,1,10674.24,10063.67,10673.8,10062.99,1753
1753,7482,7957,9848,10157,475,309,56429,982,55447,0.982597600524553,31424,2282165,2313589,1,7709.28,9982.76,7708.73,9982.37,1754
1756,8669,9034,9858,10160,365,302,77954,7743,70211,0.9006721912923006,100659,3095455,3196114,1,8843.76,10002.3,8843.35,10001.78,1757
1757,4583,5148,9867,10265,565,398,135685,782,134903,0.9942366510668093,25806,5537279,5563085,1,4894.22,10068.37,4893.31,10067.96,1758
1761,11565,11845,9878,10159,280,281,54240,0,54240,1.0,0,2223840,2223840,0,11706.21,10028.12,11705.68,10027.54,1761
1762,12520,12920,9878,10245,400,367,99525,735,98790,0.9926149208741524,23520,4057005,4080525,0,12712.16,10063.96,12711.69,10063.46,1762
1765,12129,12565,9892,10313,436,421,116330,427,115903,0.9963294077194188,17507,4752023,4769530,1,12343.0,10077.34,12342.43,10076.96,1766
1769,11842,12155,9926,10189,313,263,54712,0,54712,1.0,0,2243192,2243192,0,11997.84,10052.45,11997.42,10051.8,1772
1775,5582,5794,9960,10359,212,399,60567,4221,56346,0.9303085838823122,139293,2343954,2483247,1,5688.71,10153.24,5688.31,10153.03,1776
1777,7562,7942,9967,10340,380,373,75459,4946,70513,0.934454471964908,143434,2950385,3093819,1,7763.79,10131.0,7763.24,10130.61,1778
1778,7080,7247,9969,10196,167,227,25376,0,25376,1.0,0,1040416,1040416,0,7169.14,10063.64,7168.77,10063.62,1779
1779,5858,6145,9975,10381,287,406,67464,0,67464,1.0,0,2766024,2766024,0,6016.84,10197.72,6016.33,10197.01,1780
1780,8921,9239,9978,10318,318,340,58226,0,58226,1.0,0,2387266,2387266,0,9067.25,10122.38,9066.81,10122.14,1781
1782,13718,13941,9985,10272,223,287,35093,0,35093,1.0,0,1438813,1438813,0,13827.09,10137.13,13826.31,10136.85,1783
1784,9692,9971,9989,10302,279,313,57821,0,57821,1.0,0,2370661,2370661,0,9811.38,10139.27,9811.02,10138.76,1784
1786,7841,8187,9995,10277,346,282,51723,2508,49215,0.9515109332405312,42636,2078007,2120643,1,8004.46,10125.43,8004.05,10124.95,1787
1788,9368,9711,10008,10366,343,358,85918,4319,81599,0.9497311389929932,60466,3462172,3522638,1,9554.88,10182.97,9554.29,10182.5,1789
1792,13504,13759,10018,10153,255,135,23367,0,23367,1.0,0,958047,958047,0,13635.5,10072.43,13634.87,10072.0,1793
1796,4951,5319,10036,10637,368,601,129449,6307,123142,0.9512781095257592,44149,5263260,5307409,1,5139.62,10302.59,5139.03,10302.39,1797
1799,13286,13698,10058,10356,412,298,73788,0,73788,1.0,0,3025308,3025308,0,13479.96,10202.36,13479.68,10201.92,1800
1800,9826,10119,10062,10443,293,381,67611,0,67611,1.0,0,2772051,2772051,0,9980.78,10275.86,9980.27,10275.18,1801
1802,9049,9418,10066,10380,369,314,76045,0,76045,1.0,0,3117845,3117845,0,9243.97,10247.3,9243.41,10246.64,1803
1807,8389,8780,10089,10452,391,363,82826,6307,76519,0.9238524134933476,189210,3206656,3395866,1,8590.11,10268.86,8589.53,10268.39,1808
1808,14746,15078,10092,10343,332,251,50625,1425,49200,0.971851851851852,44175,2031450,2075625,1,14922.68,10207.41,14922.13,10206.88,1809
1809,7279,7528,10094,10355,249,261,35334,0,35334,1.0,0,1448694,1448694,0,7411.09,10216.5,7410.48,10216.01,1810
1811,11882,12329,10096,10523,447,427,120136,5078,115058,0.9577312379303456,40624,4884952,4925576,1,12111.25,10307.99,12110.76,10307.5,1812
1812,6692,7318,10100,10606,626,506,170487,0,170487,1.0,0,6989967,6989967,0,7002.74,10343.22,7002.15,10342.8,1813
1814,11505,11921,10104,10410,416,306,83701,0,83701,1.0,0,3431741,3431741,0,11701.02,10264.18,11700.8,10263.5,1816
1819,14165,14423,10122,10337,258,215,33161,0,33161,1.0,0,1359601,1359601,0,14305.27,10222.55,14304.66,10222.17,1820
1822,6036,6384,10132,10800,348,668,160334,3880,156454,0.9758005164219692,74855,6498839,6573694,0,6201.71,10489.99,6201.2,10489.38,1823
1824,8709,9057,10135,10524,348,389,79916,765,79151,0.9904274488212624,31365,3245191,3276556,1,8869.14,10320.89,8868.71,10320.51,1825
1825,5746,5926,10138,10383,180,245,24757,0,24757,1.0,0,1015037,1015037,0,5822.84,10261.0,5822.69,10259.96,1826
1827,7380,7777,10144,10525,397,381,81858,3225,78633,0.9606025067800336,35475,3320703,3356178,0,7563.8,10363.08,7563.42,10362.36,1828
1828,10805,11208,10145,10497,403,352,102241,0,102241,1.0,0,4191881,4191881,0,11016.07,10342.78,11015.5,10342.19,1829
1830,11186,11550,10157,10520,364,363,99653,0,99653,1.0,0,4085773,4085773,0,11368.44,10353.66,11367.95,10353.07,1831
1831,10187,10654,10164,10721,467,557,153316,5298,148018,0.9654439197474496,147008,6138948,6285956,1,10427.32,10452.6,10426.78,10452.04,1832
1834,12769,13145,10176,10730,376,554,108477,0,108477,1.0,0,4447557,4447557,0,12955.11,10465.78,12954.49,10464.99,1838
1839,14351,14978,10180,10552,627,372,153919,5603,148316,0.9635977364717806,51490,6259189,6310679,1,14679.06,10365.68,14678.49,10365.23,1840
1842,4646,4986,10200,10655,340,455,107631,0,107631,1.0,0,4412871,4412871,0,4835.64,10431.01,4835.07,10430.75,1843
1843,13147,13705,10215,10675,558,460,152571,0,152571,1.0,0,6255411,6255411,0,13428.1,10444.52,13427.56,10444.02,1844
1848,12570,12824,10237,10720,254,483,80378,153,80225,0.9980964940655404,6273,3289225,3295498,0,12696.83,10452.48,12696.24,10452.37,1849
1850,7516,7980,10243,10925,464,682,151820,0,151820,1.0,0,6224620,6224620,0,7739.61,10586.61,7739.49,10585.87,1850
1852,7143,7422,10252,10681,279,429,67762,647,67115,0.990451875682536,24586,2753656,2778242,1,7286.25,10458.76,7285.87,10458.34,1853
1856,9618,9867,10270,10519,249,249,36177,0,36177,1.0,0,1483257,1483257,0,9738.41,10382.43,9737.89,10382.1,1857
1859,7937,8451,10282,10817,514,535,119436,3545,115891,0.9703188318429954,7090,4889786,4896876,0,8222.97,10550.8,8222.18,10550.37,1860
1860,9233,9638,10297,10706,405,409,118705,0,118705,1.0,0,4866905,4866905,0,9437.85,10508.79,9437.39,10508.24,1861
1862,5425,5781,10315,10753,356,438,109898,0,109898,1.0,0,4505818,4505818,0,5602.28,10530.05,5601.79,10529.53,1863
1864,11728,11973,10323,10512,245,189,27119,0,27119,1.0,0,1111879,1111879,0,11855.26,10409.47,11854.72,10409.08,1865
1867,5719,6064,10334,11005,345,671,165521,6732,158789,0.9593284235837144,67320,6719041,6786361,1,5896.23,10646.9,5895.74,10646.6,1868
1870,8062,8773,10347,10960,711,613,163628,5176,158452,0.9683672721050188,134576,6574172,6708748,1,8458.4,10647.04,8457.45,10646.84,1871
1871,8881,9295,10351,10747,414,396,107823,3336,104487,0.9690604045519046,46704,4374039,4420743,1,9098.62,10534.06,9098.11,10533.68,1872
1873,7949,8170,10377,10593,221,216,27553,0,27553,1.0,0,1129673,1129673,0,8061.98,10491.14,8061.44,10490.63,1874
1874,12395,12599,10387,10642,204,255,34343,0,34343,1.0,0,1408063,1408063,0,12497.82,10513.78,12497.53,10513.28,1875
1875,13694,13942,10390,10619,248,229,37454,0,37454,1.0,0,1535614,1535614,0,13803.83,10522.33,13803.46,10521.66,1876
1878,11509,11996,10400,10926,487,526,153982,6325,147657,0.9589237703108155,120175,6193087,6313262,1,11761.66,10644.88,11761.14,10644.45,1879
1880,9916,10181,10426,10719,265,293,52600,0,52600,1.0,0,2156600,2156600,0,10040.55,10577.11,10040.35,10576.22,1881
1881,11896,12241,10427,10918,345,491,100273,4774,95499,0.9523899753672476,52514,4058679,4111193,1,12072.8,10647.97,12072.32,10647.63,1882
1883,10415,10881,10439,10956,466,517,150484,6089,144395,0.959537226549002,55345,6114499,6169844,1,10644.28,10692.35,10643.76,10691.84,1884
1886,8646,8964,10446,10773,318,327,48581,0,48581,1.0,0,1991821,1991821,0,8804.4,10630.41,8804.35,10629.18,1888
1889,11148,11663,10457,10899,515,442,138019,0,138019,1.0,0,5658779,5658779,0,11393.58,10678.26,11393.14,10677.79,1890
1890,6405,6933,10470,11128,528,658,176209,5928,170281,0.9663581315369816,88920,7135649,7224569,1,6686.04,10800.21,6685.43,10799.76,1891
1891,13003,13514,10470,10859,511,389,118042,0,118042,1.0,0,4839722,4839722,0,13261.12,10689.99,13260.51,10689.43,1892
1899,6848,7264,10495,11028,416,533,120391,4176,116215,0.9653130217375052,125280,4810751,4936031,1,7040.09,10751.54,7039.75,10751.16,1900
1902,7175,7591,10510,11178,416,668,168634,245,168389,0.9985471494479168,9310,6904684,6913994,0,7377.83,10826.91,7377.34,10826.53,1903
1903,14683,14950,10515,10728,267,213,35601,0,35601,1.0,0,1459641,1459641,0,14828.55,10608.52,14827.63,10608.32,1904
1904,5119,5346,10516,10740,227,224,34573,1597,32976,0.9538078847655684,65477,1352016,1417493,1,5226.67,10627.94,5226.26,10627.52,1905
1906,14027,14580,10543,10932,553,389,138823,5765,133058,0.9584722992587684,17295,5674448,5691743,1,14288.92,10732.11,14288.53,10731.71,1907
1910,12662,13007,10551,10913,345,362,73396,0,73396,1.0,0,3009236,3009236,0,12837.13,10727.39,12836.63,10726.94,1911
1911,14483,14758,10552,10793,275,241,43336,0,43336,1.0,0,1776776,1776776,0,14624.68,10677.35,14624.18,10676.77,1912
1913,10682,11197,10566,11190,515,624,177335,6797,170538,0.9616714128626612,159470,7111265,7270735,1,10954.08,10897.79,10953.61,10897.26,1914
1916,12312,12679,10584,10936,367,352,93456,0,93456,1.0,0,3831696,3831696,0,12492.59,10763.9,12492.08,10763.36,1917
1917,9636,9993,10587,10873,357,286,70670,0,70670,1.0,0,2897470,2897470,0,9830.18,10732.97,9829.53,10732.44,1918
1918,13649,13979,10590,10840,330,250,45768,0,45768,1.0,0,1876488,1876488,0,13816.68,10709.17,13816.08,10708.6,1922
1925,7518,8135,10618,11223,617,605,171609,4573,167036,0.973352213461998,106853,6929116,7035969,1,7842.11,10956.59,7841.66,10955.93,1926
1929,5574,5725,10642,10838,151,196,16240,0,16240,1.0,0,665840,665840,0,5660.73,10748.88,5660.16,10748.24,1930
1932,13414,13769,10655,11040,355,385,89534,0,89534,1.0,0,3670894,3670894,0,13585.87,10839.48,13585.43,10839.02,1933
1933,9095,9244,10671,10833,149,162,12970,0,12970,1.0,0,531770,531770,0,9167.4,10744.45,9166.96,10744.02,1934
1934,8703,9149,10675,11009,446,334,85817,0,85817,1.0,0,3518497,3518497,0,8895.88,10830.39,8895.77,10829.94,1935
1935,9112,9520,10676,11027,408,351,84167,22,84145,0.9997386148965748,902,3449945,3450847,0,9305.47,10845.65,9305.02,10845.23,1936
1937,10177,10444,10686,10906,267,220,39784,0,39784,1.0,0,1631144,1631144,0,10320.31,10787.36,10319.79,10786.84,1938
1938,8394,8754,10689,10941,360,252,45632,0,45632,1.0,0,1870912,1870912,0,8571.03,10804.96,8570.53,10804.68,1939
1940,14669,14970,10697,11050,301,353,65196,387,64809,0.994064053009387,15867,2657169,2673036,1,14826.2,10847.84,14825.85,10847.65,1941
1945,9339,9742,10736,11126,403,390,83081,1009,82072,0.9878552256231872,28252,3378069,3406321,1,9558.39,10955.72,9557.88,10954.96,1946
1948,13823,14156,10741,11049,333,308,53333,0,53333,1.0,0,2186653,2186653,0,14010.72,10872.94,14009.97,10872.65,1949
1950,12575,12905,10755,11166,330,411,79609,7,79602,0.9999120702433142,287,3263682,3263969,0,12758.45,10984.6,12757.73,10983.82,1952
1953,7022,7209,10774,10980,187,206,22114,0,22114,1.0,0,906674,906674,0,7120.95,10895.21,7120.38,10894.47,1954
1954,12889,13243,10781,11251,354,470,120984,6957,114027,0.942496528466574,62613,4897731,4960344,1,13060.63,11012.12,13060.16,11011.63,1955
1956,11530,11950,10792,11196,420,404,86381,0,86381,1.0,0,3541621,3541621,0,11744.52,10994.07,11743.9,10993.5,1958
1958,12088,12415,10793,11102,327,309,69196,0,69196,1.0,0,2837036,2837036,0,12265.1,10945.64,12264.44,10945.34,1959
1963,13680,13937,10818,11164,257,346,44328,0,44328,1.0,0,1817448,1817448,0,13799.14,10968.02,13798.89,10967.92,1964
1964,11190,11558,10821,11212,368,391,117200,6562,110638,0.94401023890785,78744,4726456,4805200,1,11379.05,11012.16,11378.52,11011.68,1965
1966,8878,9220,10825,11083,342,258,40051,0,40051,1.0,0,1642091,1642091,0,9037.46,10965.04,9037.52,10964.65,1966
1969,8018,8476,10841,11143,458,302,85123,7187,77936,0.9155692351068454,35935,3454108,3490043,1,8238.92,11010.23,8238.65,11009.54,1970
1970,13198,13474,10846,11088,276,242,49469,0,49469,1.0,0,2028229,2028229,0,13330.38,10959.16,13329.93,10958.7,1971
1972,9594,9926,10853,11388,332,535,99352,984,98368,0.9900958209195588,40344,4033088,4073432,1,9756.6,11104.06,9756.17,11103.58,1973
1975,14059,14439,10858,11093,380,235,64231,1676,62555,0.9739066805748005,28492,2604979,2633471,1,14249.24,10983.48,14248.7,10982.97,1976
1976,8292,8769,10859,11311,477,452,114841,4952,109889,0.9568795116726604,94088,4614393,4708481,1,8517.2,11072.51,8516.72,11072.07,1977
1980,6526,6907,10880,11348,381,468,95296,0,95296,1.0,0,3907136,3907136,0,6736.75,11127.42,6736.26,11126.85,1981
1984,14423,14737,10898,11275,314,377,62410,0,62410,1.0,0,2558810,2558810,0,14587.06,11066.33,14586.7,11065.98,1984
1988,12374,12666,10910,11246,292,336,68833,0,68833,1.0,0,2822153,2822153,0,12519.1,11081.95,12518.55,11081.34,1989
1990,10560,10927,10918,11250,367,332,79963,0,79963,1.0,0,3278483,3278483,0,10717.0,11090.42,10716.69,11089.94,1991
1995,10106,10413,10937,11265,307,328,66439,591,65848,0.9911046222851037,21867,2702132,2723999,0,10265.87,11097.77,10265.29,11097.3,1996
1996,14674,14904,10940,11177,230,237,42328,0,42328,1.0,0,1735448,1735448,0,14781.61,11059.0,14781.17,11058.59,1997
2008,9801,10126,10977,11377,325,400,61584,0,61584,1.0,0,2524944,2524944,0,9952.65,11179.78,9952.39,11179.07,2011
2010,8372,8919,10980,11488,547,508,140977,5402,135575,0.9616816927583932,124246,5655811,5780057,1,8661.87,11249.16,8661.32,11248.6,2010
2011,9059,9464,10987,11399,405,412,102633,0,102633,1.0,0,4207953,4207953,0,9259.91,11197.56,9259.42,11197.05,2012
2013,13564,13800,10999,11231,236,232,33968,0,33968,1.0,0,1392688,1392688,0,13676.29,11106.31,13675.89,11105.93,2014
2015,8862,9231,11012,11306,369,294,58261,0,58261,1.0,0,2388701,2388701,0,9021.63,11156.94,9021.63,11156.13,2016
2018,14038,14575,11022,11340,537,318,109389,0,109389,1.0,0,4484949,4484949,0,14328.49,11189.76,14327.82,11189.15,2019
2021,12100,12465,11040,11524,365,484,118522,5846,112676,0.950675823897673,17538,4841864,4859402,1,12287.4,11267.94,12286.88,11267.52,2022
2024,11110,11251,11042,11214,141,172,12821,0,12821,1.0,0,525661,525661,0,11178.17,11136.59,11177.72,11135.85,2025
2036,7860,8293,11118,11378,433,260,81933,4013,77920,0.9510209561470958,68221,3291032,3359253,1,8087.98,11240.55,8087.35,11240.05,2036
2037,9217,9699,11121,11579,482,458,112496,2901,109595,0.9742124164414736,78327,4534009,4612336,1,9450.37,11351.32,9449.9,11350.92,2038
2041,7041,7331,11125,11451,290,326,57604,179,57425,0.9968925769043816,7339,2354425,2361764,0,7201.8,11294.37,7201.3,11294.02,2041
2045,13683,13969,11134,11419,286,285,44359,0,44359,1.0,0,1818719,1818719,0,13837.48,11279.49,13836.8,11278.96,2046
2050,7574,8002,11142,11539,428,397,90566,3364,87202,0.9628558178565908,46922,3666284,3713206,0,7763.27,11356.6,7763.08,11355.8,2050
2052,9830,10227,11152,11626,397,474,109848,5767,104081,0.9475001820697692,105919,4397849,4503768,1,10042.11,11391.3,10041.46,11390.87,2053
2053,11515,11761,11152,11383,246,231,41638,0,41638,1.0,0,1707158,1707158,0,11645.8,11265.12,11645.2,11264.54,2054
2056,10846,11315,11161,11590,469,429,133111,0,133111,1.0,0,5457551,5457551,0,11077.4,11358.26,11076.92,11357.84,2057
2058,12439,12891,11164,11674,452,510,153216,5140,148076,0.966452589807853,51400,6230456,6281856,1,12671.84,11398.08,12671.43,11397.75,2059
2059,14520,14689,11164,11356,169,192,13925,0,13925,1.0,0,570925,570925,0,14593.61,11281.51,14593.03,11280.21,2063
2064,10202,10602,11182,11689,400,507,143696,5567,138129,0.9612584901458636,122474,5769062,5891536,1,10393.0,11423.23,10392.52,11422.8,2065
2066,13062,13476,11187,11567,414,380,83932,0,83932,1.0,0,3441212,3441212,0,13271.25,11356.86,13270.88,11356.61,2066
2077,8434,9097,11261,11683,663,422,96616,0,96616,1.0,0,3961256,3961256,0,8752.75,11451.94,8752.25,11451.56,2078
2079,14099,14302,11272,11567,203,295,42074,1791,40283,0.9574321433664496,57312,1667722,1725034,1,14196.63,11424.34,14196.29,11423.75,2080
2087,12984,13154,11294,11496,170,202,19446,0,19446,1.0,0,797286,797286,0,13075.04,11402.89,13074.22,11401.94,2088
2090,11704,11910,11305,11595,206,290,30603,0,30603,1.0,0,1254723,1254723,0,11805.66,11442.74,11805.12,11442.36,2091
2093,13649,13958,11313,11650,309,337,59594,0,59594,1.0,0,2443354,2443354,0,13802.59,11507.9,13802.0,11507.29,2094
2096,14263,14724,11329,11710,461,381,124482,76,124406,0.9993894699635288,3116,5100646,5103762,0,14478.38,11505.92,14477.98,11505.44,2097
2097,9695,9867,11331,11542,172,211,24713,0,24713,1.0,0,1013233,1013233,0,9791.18,11429.08,9790.58,11428.65,2098
2099,13897,14123,11348,11572,226,224,31669,0,31669,1.0,0,1298429,1298429,0,14019.89,11460.48,14019.38,11459.88,2104
2106,11974,12351,11364,11740,377,376,93431,3828,89603,0.9590285879419036,76560,3754111,3830671,1,12164.55,11567.2,12163.97,11566.67,2106
2107,7739,8173,11367,11613,434,246,66318,0,66318,1.0,0,2719038,2719038,0,7960.94,11490.71,7960.44,11490.16,2108
2108,8889,9236,11368,11696,347,328,75448,6374,69074,0.91551797264341,140228,2953140,3093368,1,9073.58,11522.45,9072.99,11522.0,2109
2110,7862,8492,11373,11816,630,443,131593,6490,125103,0.9506812672406588,162250,5233063,5395313,1,8187.71,11588.96,8186.79,11588.53,2111
2119,9346,9785,11396,11923,439,527,129879,6031,123848,0.9535644715465934,96496,5228543,5325039,1,9529.26,11630.61,9528.88,11630.2,2119
2120,11211,11643,11397,11793,432,396,102690,1241,101449,0.9879150842341028,50881,4159409,4210290,1,11411.41,11596.07,11410.96,11595.57,2121
2122,12936,13358,11417,11825,422,408,90769,0,90769,1.0,0,3721529,3721529,0,13162.36,11612.28,13161.85,11612.08,2123
2132,12333,12645,11471,11855,312,384,78289,0,78289,1.0,0,3209849,3209849,0,12482.86,11676.04,12482.34,11675.43,2132
2134,10728,11154,11475,11890,426,415,107695,0,107695,1.0,0,4415495,4415495,0,10954.29,11678.39,10953.63,11677.95,2133
2135,8196,8947,11488,12097,751,609,182323,5087,177236,0.9720989672175204,117001,7358242,7475243,1,8588.57,11787.91,8587.62,11787.62,2136
2136,13353,13680,11488,11860,327,372,72249,0,72249,1.0,0,2962209,2962209,0,13528.47,11683.25,13527.75,11682.52,2137
2146,9496,9924,11536,11970,428,434,111359,3368,107991,0.9697554755340836,77464,4488255,4565719,1,9727.74,11769.3,9727.28,11768.79,2147
2152,8942,9366,11557,12022,424,465,135774,6603,129171,0.9513677139953156,132060,5434674,5566734,1,9187.13,11810.08,9186.44,11809.59,2153
2153,12536,12717,11559,11749,181,190,16054,0,16054,1.0,0,658214,658214,0,12643.13,11637.08,12642.13,11636.56,2154
2156,9893,10260,11562,11901,367,339,85257,3,85254,0.999964812273479,123,3495414,3495537,0,10048.68,11739.09,10048.45,11738.46,2157
2157,8158,8497,11563,11914,339,351,60875,0,60875,1.0,0,2495875,2495875,0,8327.44,11757.19,8327.24,11756.26,2158
2161,7766,7938,11599,11772,172,173,16978,2003,14975,0.8820237955000589,48072,648026,696098,1,7846.62,11671.26,7846.22,11671.09,2162
2169,13659,14003,11620,12060,344,440,91622,0,91622,1.0,0,3756502,3756502,0,13834.64,11823.45,13834.19,11823.08,2172
2170,8752,9032,11622,11922,280,300,48559,0,48559,1.0,0,1990919,1990919,0,8910.0,11788.29,8909.37,11787.79,2170
2171,11865,12091,11623,11859,226,236,29089,0,29089,1.0,0,1192649,1192649,0,11979.85,11737.14,11979.41,11736.66,2171
2173,12629,13081,11629,12123,452,494,137671,0,137671,1.0,0,5644511,5644511,0,12850.9,11849.83,12850.57,11849.32,2174
2182,12059,12441,11684,11967,382,283,66256,0,66256,1.0,0,2716496,2716496,0,12241.29,11817.15,12240.96,11816.71,2183
2192,10582,10951,11729,12067,369,338,59714,0,59714,1.0,0,2448274,2448274,0,10769.63,11917.41,10768.88,11917.22,2193
2194,13056,13297,11735,12010,241,275,46517,0,46517,1.0,0,1907197,1907197,0,13171.41,11859.3,13171.02,11858.9,2194
2196,13263,13505,11737,11996,242,259,38452,0,38452,1.0,0,1576532,1576532,0,13381.25,11876.67,13380.77,11876.08,2196
2201,10865,11256,11761,12073,391,312,72464,886,71578,0.9877732391256347,31896,2939128,2971024,1,11050.51,11922.38,11050.19,11921.72,2201
2205,11391,11915,11783,12222,524,439,162643,0,162643,1.0,0,6668363,6668363,0,11651.1,12003.18,11650.67,12002.69,2206
2215,12276,12785,11827,12223,509,396,115198,0,115198,1.0,0,4723118,4723118,0,12503.02,12001.97,12503.06,12001.65,2216
2219,8410,8819,11834,12245,409,411,69460,0,69460,1.0,0,2847860,2847860,0,8615.34,12021.98,8614.85,12021.64,2221
2222,12947,13231,11843,12172,284,329,46365,0,46365,1.0,0,1900965,1900965,0,13076.85,12014.53,13076.42,12014.1,2223
2223,13977,14305,11844,12191,328,347,63299,1,63298,0.9999842019621163,41,2595218,2595259,0,14156.86,11996.0,14156.24,11995.79,2224
2226,11862,12406,11849,12369,544,520,188707,7238,181469,0.9616442421319824,151998,7584989,7736987,1,12128.22,12137.14,12127.73,12136.55,2227
2227,13375,13972,11851,12613,597,762,200958,0,200958,1.0,0,8239278,8239278,0,13676.01,12211.17,13675.58,12210.85,2228
2230,9637,9918,11860,12152,281,292,54771,0,54771,1.0,0,2245611,2245611,0,9796.34,12013.0,9795.84,12012.45,2231
2232,7865,8231,11873,12317,366,444,98561,0,98561,1.0,0,4041001,4041001,0,8056.83,12070.26,8056.35,12069.94,2233
2234,9862,10093,11885,12161,231,276,44310,0,44310,1.0,0,1816710,1816710,0,9986.31,12023.66,9985.61,12023.29,2235
2235,13681,14081,11894,12475,400,581,69528,0,69528,1.0,0,2850648,2850648,0,13897.11,12180.1,13896.41,12179.46,2236
2236,9212,9521,11896,12221,309,325,50429,0,50429,1.0,0,2067589,2067589,0,9353.81,12042.45,9353.34,12042.07,2237
2238,8480,8974,11908,12369,494,461,84423,0,84423,1.0,0,3461343,3461343,0,8750.02,12122.4,8749.08,12122.29,2239
2244,11006,11337,11926,12893,331,967,217360,0,217360,1.0,0,8911760,8911760,0,11180.25,12422.09,11179.79,12421.48,2245
2250,13216,13396,11963,12140,180,177,23268,0,23268,1.0,0,953988,953988,0,13306.79,12050.89,13306.48,12050.45,2251
2252,10478,10960,11978,12513,482,535,173359,3943,169416,0.9772552910434416,70974,7036745,7107719,1,10724.6,12242.17,10723.85,12241.59,2253
2253,8808,9230,11979,12375,422,396,116831,2589,114242,0.977839785673323,36037,4754034,4790071,1,9051.12,12177.9,9050.51,12177.45,2254
2261,12553,12837,12022,12343,284,321,53861,0,53861,1.0,0,2208301,2208301,0,12711.66,12181.17,12711.03,12180.72,2262
2265,13922,14266,12037,12388,344,351,70351,0,70351,1.0,0,2884391,2884391,0,14102.41,12224.32,14101.67,12223.54,2266
2269,8108,8533,12050,12480,425,430,103979,1206,102773,0.9884015041498764,49446,4213693,4263139,1,8294.59,12240.99,8294.21,12240.58,2270
2272,12823,13159,12062,12423,336,361,66605,0,66605,1.0,0,2730805,2730805,0,12982.25,12236.86,12981.9,12236.76,2272
2275,13091,13322,12079,12407,231,328,55200,0,55200,1.0,0,2263200,2263200,0,13201.08,12245.23,13200.61,12244.73,2276
2277,9846,10370,12087,12426,524,339,123994,0,123994,1.0,0,5083754,5083754,0,10106.53,12256.22,10105.99,12255.65,2278
2279,9235,9865,12090,12600,630,510,168383,6515,161868,0.9613084456269338,104240,6799463,6903703,1,9547.1,12348.94,9546.64,12348.37,2280
2282,10259,10602,12109,12517,343,408,73885,0,73885,1.0,0,3029285,3029285,0,10417.02,12332.58,10416.72,12331.8,2283
2284,13286,13594,12128,12343,308,215,35422,0,35422,1.0,0,1452302,1452302,0,13415.33,12255.67,13415.19,12255.02,2284
2288,11328,11832,12148,13123,504,975,293883,11230,282653,0.961787514078732,235830,11813373,12049203,1,11623.78,12596.07,11623.11,12595.69,2288
2298,8368,8973,12204,12694,605,490,141332,0,141332,1.0,0,5794612,5794612,0,8693.27,12465.43,8692.54,12465.14,2299
2308,9656,9961,12261,12633,305,372,66286,2349,63937,0.9645626527471864,70470,2647256,2717726,1,9808.29,12453.89,9807.84,12453.31,2309
2309,12742,12994,12262,12453,252,191,30376,0,30376,1.0,0,1245416,1245416,0,12860.54,12366.74,12860.13,12366.19,2310
2310,11310,11455,12273,12489,145,216,18753,0,18753,1.0,0,768873,768873,0,11373.9,12385.57,11373.2,12384.87,2313
2312,8235,8564,12275,12655,329,380,74105,0,74105,1.0,0,3038305,3038305,0,8401.44,12451.22,8400.96,12450.81,2312
2319,13163,13598,12309,12641,435,332,78531,0,78531,1.0,0,3219771,3219771,0,13406.68,12456.44,13406.4,12455.81,2320
2320,13529,13799,12314,12682,270,368,53834,0,53834,1.0,0,2207194,2207194,0,13662.48,12501.68,13661.94,12501.09,2322
2323,8554,9206,12335,12891,652,556,140302,0,140302,1.0,0,5752382,5752382,0,8911.58,12608.36,8910.57,12608.32,2324
2330,11967,12318,12349,12821,351,472,124925,0,124925,1.0,0,5121925,5121925,0,12129.01,12565.82,12128.53,12565.42,2331
2346,10775,11054,12392,12735,279,343,68968,0,68968,1.0,0,2827688,2827688,0,10914.68,12562.93,10914.22,12562.5,2347
2352,9834,10150,12414,12749,316,335,69109,0,69109,1.0,0,2833469,2833469,0,9989.67,12590.32,9989.2,12589.78,2353
2354,12752,13140,12427,13089,388,662,166545,454,166091,0.99727401002732,18614,6809731,6828345,1,12931.95,12764.86,12931.55,12764.44,2355
2360,8773,9374,12472,13078,601,606,183301,2606,180695,0.9857829471743198,33878,7481463,7515341,1,9089.81,12789.8,9089.17,12789.32,2361
2361,13074,13538,12473,12859,464,386,117145,0,117145,1.0,0,4802945,4802945,0,13287.39,12671.61,13286.97,12671.08,2362
2364,10484,10935,12481,13150,451,669,189302,251,189051,0.9986740763436204,10291,7751091,7761382,0,10696.95,12809.5,10696.5,12808.96,2364
2367,10013,10451,12501,12950,438,449,132581,5520,127061,0.9583650749353224,93840,5341981,5435821,1,10246.59,12719.23,10246.01,12718.78,2368
2369,9346,9851,12504,12892,505,388,131342,1792,129550,0.9863562302995234,37632,5347390,5385022,1,9586.29,12703.02,9585.85,12702.53,2369
2370,11207,11614,12516,13361,407,845,185980,0,185980,1.0,0,7625180,7625180,0,11406.86,12971.0,11406.31,12970.33,2371
2382,13444,13733,12578,13026,289,448,83998,0,83998,1.0,0,3443918,3443918,0,13592.21,12820.45,13591.65,12819.72,2383
2416,9734,10098,12738,13091,364,353,89906,0,89906,1.0,0,3686146,3686146,0,9901.21,12912.37,9900.75,12911.91,2416
2418,12028,12321,12747,13098,293,351,61991,0,61991,1.0,0,2541631,2541631,0,12182.58,12907.06,12181.89,12906.65,2419
2424,11783,12048,12775,13034,265,259,42733,0,42733,1.0,0,1752053,1752053,0,11916.6,12885.94,11916.12,12885.63,2425
2430,13078,13206,12803,12908,128,105,8664,0,8664,1.0,0,355224,355224,0,13140.68,12863.38,13140.22,12862.73,2431
2431,13183,13504,12812,13139,321,327,63140,0,63140,1.0,0,2588740,2588740,0,13352.73,12953.14,13352.18,12952.85,2432
2433,8984,9511,12825,13280,527,455,150469,0,150469,1.0,0,6169229,6169229,0,9255.74,13045.28,9255.29,13044.75,2434
2435,9492,9763,12829,13027,271,198,42896,0,42896,1.0,0,1758736,1758736,0,9634.27,12926.69,9633.67,12926.28,2436
2437,12451,12815,12833,13239,364,406,104380,0,104380,1.0,0,4279580,4279580,0,12629.36,13035.95,12628.92,13035.43,2438
2438,10262,10631,12840,13247,369,407,92561,3910,88651,0.9577575868886464,44649,3750352,3795001,1,10450.68,13043.75,10450.18,13043.26,2439
2444,13068,13334,12868,13299,266,431,73131,0,73131,1.0,0,2998371,2998371,0,13197.54,13111.84,13196.93,13110.74,2446
2448,11876,12156,12893,13412,280,519,92973,31,92942,0.9996665698643692,1271,3810622,3811893,0,12009.6,13176.26,12009.15,13175.57,2449
2451,9949,10351,12902,13258,402,356,93120,0,93120,1.0,0,3817920,3817920,0,10154.14,13089.06,10153.86,13088.26,2453
2456,12015,12511,12919,13566,496,647,160777,961,159816,0.9940227768897292,39401,6552456,6591857,1,12277.76,13236.7,12277.07,13236.67,2457
2461,11572,11920,12932,13390,348,458,84487,4043,80444,0.952146484074473,76817,3387150,3463967,1,11783.87,13167.41,11783.2,13166.97,2462
2462,10799,10943,12937,13114,144,177,18403,0,18403,1.0,0,754523,754523,0,10868.29,13025.41,10867.8,13024.94,2463
2472,12703,13250,12997,13485,547,488,155735,5552,150183,0.9643496965999936,138800,6246335,6385135,1,12949.15,13251.98,12948.79,13251.52,2473
2474,9328,9742,13006,13458,414,452,112024,0,112024,1.0,0,4592984,4592984,0,9531.16,13213.89,9530.72,13213.62,2475
2493,9604,10000,13071,13534,396,463,109084,0,109084,1.0,0,4472444,4472444,0,9777.61,13285.31,9777.21,13284.86,2494
2506,10222,10547,13155,13419,325,264,51615,0,51615,1.0,0,2116215,2116215,0,10367.98,13297.16,10367.67,13296.47,2507
2511,12444,12815,13183,13646,371,463,104330,0,104330,1.0,0,4277530,4277530,0,12627.28,13401.48,12626.77,13401.05,2512
2514,9781,10268,13195,13751,487,556,167959,5383,162576,0.9679505117320298,129192,6757127,6886319,1,10026.88,13459.36,10026.65,13459.29,2514
2515,11249,11399,13198,13489,150,291,23708,0,23708,1.0,0,972028,972028,0,11320.08,13327.77,11319.47,13328.08,2517
2523,10742,10979,13227,13437,237,210,30708,0,30708,1.0,0,1259028,1259028,0,10853.75,13331.86,10853.28,13331.35,2524
2529,10423,10863,13247,13933,440,686,216621,0,216621,1.0,0,8881461,8881461,0,10634.68,13594.78,10634.21,13594.57,2530
2536,12276,12639,13283,13671,363,388,67101,0,67101,1.0,0,2751141,2751141,0,12435.56,13515.9,12435.32,13515.18,2537
2548,10786,11058,13362,13786,272,424,68380,0,68380,1.0,0,2803580,2803580,0,10907.18,13571.29,10906.88,13570.69,2549
2552,10088,10488,13385,13833,400,448,100122,922,99200,0.9907912346936736,25816,4079186,4105002,1,10308.92,13604.43,10308.52,13603.86,2553
2573,12016,12366,13497,13817,350,320,77299,0,77299,1.0,0,3169259,3169259,0,12200.6,13657.72,12199.87,13657.04,2573
2576,10910,11242,13519,13909,332,390,90432,0,90432,1.0,0,3707712,3707712,0,11095.85,13720.46,11095.21,13719.96,2577
